ZZD
XXCopri-1	1	1
Summary statistics of continuous variables
Label variable	Count	Weight	Mean	Standard Deviation	Minimum	Maximum
Airports	     188	        0.188000E+03	        0.114894E+01	        0.784931E+00	        0.000000E+00	        0.400000E+01
AMRadioStations	     171	        0.171000E+03	        0.625731E+00	        0.772505E+00	        0.000000E+00	        0.300000E+01
CellularPhones	     191	        0.191000E+03	        0.594241E+01	        0.108383E+01	        0.200000E+01	        0.800000E+01
FMRadioStations	     182	        0.182000E+03	        0.873626E+00	        0.770662E+00	        0.000000E+00	        0.300000E+01
InternetHosts	     191	        0.191000E+03	        0.373822E+01	        0.182609E+01	        0.000000E+00	        0.800000E+01
InternetUsers	     190	        0.190000E+03	        0.535263E+01	        0.109394E+01	        0.200000E+01	        0.800000E+01
MerchantShips	     148	        0.148000E+03	        0.104730E+01	        0.880222E+00	        0.000000E+00	        0.300000E+01
MerchantShipsDeadWeight	     143	        0.143000E+03	        0.500699E+01	        0.131424E+01	        0.200000E+01	        0.800000E+01
MerchantShipsGross	     143	        0.143000E+03	        0.491608E+01	        0.118556E+01	        0.300000E+01	        0.800000E+01
PavedAirports	     187	        0.187000E+03	        0.732620E+00	        0.680638E+00	        0.000000E+00	        0.300000E+01
PhoneLines	     192	        0.192000E+03	        0.518229E+01	        0.110071E+01	        0.300000E+01	        0.800000E+01
RadioStations	     192	        0.192000E+03	        0.113021E+01	        0.796296E+00	        0.000000E+00	        0.400000E+01
RailwayLength	     134	        0.134000E+03	        0.274627E+01	        0.825766E+00	        0.000000E+00	        0.500000E+01
RoadLength	     192	        0.192000E+03	        0.382812E+01	        0.100345E+01	        0.000000E+00	        0.600000E+01
ShortWaveRadioStations	     144	        0.144000E+03	        0.187500E+00	        0.424407E+00	        0.000000E+00	        0.200000E+01
TelevisionStations	     186	        0.186000E+03	        0.645162E+00	        0.756977E+00	        0.000000E+00	        0.300000E+01
UnpavedAirports	     174	        0.174000E+03	        0.977011E+00	        0.702655E+00	        0.000000E+00	        0.300000E+01
XXCopri-2	1	1
Correlation matrix
	Airports	AMRadioStations	CellularPhones	FMRadioStations	InternetHosts	InternetUsers	MerchantShips	MerchantShipsDeadWeight	MerchantShipsGross	PavedAirports	PhoneLines	RadioStations	RailwayLength	RoadLength	ShortWaveRadioStations	TelevisionStations	UnpavedAirports
Airports	        0.100000E+01
AMRadioStations	        0.664621E+00	        0.100000E+01
CellularPhones	        0.585919E+00	        0.545913E+00	        0.100000E+01
FMRadioStations	        0.536581E+00	        0.495829E+00	        0.544880E+00	        0.100000E+01
InternetHosts	        0.494042E+00	        0.472739E+00	        0.578265E+00	        0.615151E+00	        0.100000E+01
InternetUsers	        0.615999E+00	        0.587459E+00	        0.819842E+00	        0.612845E+00	        0.693481E+00	        0.100000E+01
MerchantShips	        0.159524E+00	        0.225141E+00	        0.159689E+00	        0.312200E+00	        0.225333E+00	        0.252608E+00	        0.100000E+01
MerchantShipsDeadWeight	        0.164177E+00	        0.200879E+00	        0.220412E+00	        0.297974E+00	        0.270888E+00	        0.298867E+00	        0.825526E+00	        0.100000E+01
MerchantShipsGross	        0.188550E+00	        0.214591E+00	        0.229171E+00	        0.326233E+00	        0.292094E+00	        0.338312E+00	        0.815727E+00	        0.938400E+00	        0.100000E+01
PavedAirports	        0.766221E+00	        0.624718E+00	        0.645435E+00	        0.494318E+00	        0.621935E+00	        0.707916E+00	        0.242882E+00	        0.306918E+00	        0.326228E+00	        0.100000E+01
PhoneLines	        0.616468E+00	        0.588812E+00	        0.809601E+00	        0.594667E+00	        0.707074E+00	        0.888355E+00	        0.284671E+00	        0.332177E+00	        0.353937E+00	        0.725303E+00	        0.100000E+01
RadioStations	        0.655406E+00	        0.677180E+00	        0.698476E+00	        0.810984E+00	        0.648365E+00	        0.720238E+00	        0.308004E+00	        0.263940E+00	        0.305374E+00	        0.650003E+00	        0.715702E+00	        0.100000E+01
RailwayLength	        0.367427E+00	        0.332700E+00	        0.388819E+00	        0.322562E+00	        0.441995E+00	        0.482020E+00	        0.173174E+00	        0.207495E+00	        0.212336E+00	        0.466060E+00	        0.470207E+00	        0.388306E+00	        0.100000E+01
RoadLength	        0.678777E+00	        0.532301E+00	        0.831130E+00	        0.547931E+00	        0.531091E+00	        0.751589E+00	        0.219051E+00	        0.215404E+00	        0.264610E+00	        0.646389E+00	        0.754556E+00	        0.692864E+00	        0.425943E+00	        0.100000E+01
ShortWaveRadioStations	        0.381479E+00	        0.538149E+00	        0.299246E+00	        0.259842E+00	        0.257618E+00	        0.291788E+00	        0.147969E+00	        0.105105E+00	        0.777178E-01	        0.366281E+00	        0.299320E+00	        0.395950E+00	        0.186232E+00	        0.255074E+00	        0.100000E+01
TelevisionStations	        0.588223E+00	        0.549653E+00	        0.599347E+00	        0.634533E+00	        0.717143E+00	        0.711360E+00	        0.368636E+00	        0.383597E+00	        0.399667E+00	        0.664382E+00	        0.737937E+00	        0.666623E+00	        0.537973E+00	        0.604960E+00	        0.252160E+00	        0.100000E+01
UnpavedAirports	        0.741485E+00	        0.481390E+00	        0.369819E+00	        0.360548E+00	        0.330875E+00	        0.411270E+00	        0.488470E-01	        0.683603E-01	        0.854658E-01	        0.549836E+00	        0.383211E+00	        0.458563E+00	        0.269861E+00	        0.433999E+00	        0.363242E+00	        0.357128E+00	        0.100000E+01
XXCopri-3	1	1
Test-values matrix
	Airports	AMRadioStations	CellularPhones	FMRadioStations	InternetHosts	InternetUsers	MerchantShips	MerchantShipsDeadWeight	MerchantShipsGross	PavedAirports	PhoneLines	RadioStations	RailwayLength	RoadLength	ShortWaveRadioStations	TelevisionStations	UnpavedAirports
Airports	        0.999900E+02
AMRadioStations	        0.104750E+02	        0.999900E+02
CellularPhones	        0.920617E+01	        0.801001E+01	        0.999900E+02
FMRadioStations	        0.808556E+01	        0.711059E+01	        0.824378E+01	        0.999900E+02
InternetHosts	        0.742321E+01	        0.671609E+01	        0.911934E+01	        0.967511E+01	        0.999900E+02
InternetUsers	        0.985202E+01	        0.881079E+01	        0.159390E+02	        0.962516E+01	        0.117803E+02	        0.999900E+02
MerchantShips	        0.195742E+01	        0.278670E+01	        0.195948E+01	        0.392923E+01	        0.278916E+01	        0.314109E+01	        0.999900E+02
MerchantShipsDeadWeight	        0.198120E+01	        0.243528E+01	        0.267972E+01	        0.367472E+01	        0.332227E+01	        0.368644E+01	        0.140381E+02	        0.999900E+02
MerchantShipsGross	        0.228204E+01	        0.260664E+01	        0.279004E+01	        0.404915E+01	        0.359769E+01	        0.421152E+01	        0.136792E+02	        0.206217E+02	        0.999900E+02
PavedAirports	        0.138267E+02	        0.958137E+01	        0.104945E+02	        0.730872E+01	        0.995736E+01	        0.120747E+02	        0.301503E+01	        0.379243E+01	        0.404908E+01	        0.999900E+02
PhoneLines	        0.986237E+01	        0.883783E+01	        0.155598E+02	        0.923920E+01	        0.121799E+02	        0.194916E+02	        0.356155E+01	        0.412887E+01	        0.442381E+01	        0.125636E+02	        0.999900E+02
RadioStations	        0.107595E+02	        0.107737E+02	        0.119451E+02	        0.152431E+02	        0.106758E+02	        0.125178E+02	        0.387276E+01	        0.323279E+01	        0.377206E+01	        0.106021E+02	        0.124538E+02	        0.999900E+02
RailwayLength	        0.446186E+01	        0.400363E+01	        0.475082E+01	        0.387216E+01	        0.549514E+01	        0.608440E+01	        0.202505E+01	        0.243732E+01	        0.249593E+01	        0.584609E+01	        0.590756E+01	        0.474383E+01	        0.999900E+02
RoadLength	        0.113371E+02	        0.775907E+01	        0.164707E+02	        0.830247E+01	        0.817694E+01	        0.134615E+02	        0.270876E+01	        0.261684E+01	        0.324140E+01	        0.105169E+02	        0.136271E+02	        0.118256E+02	        0.526619E+01	        0.999900E+02
ShortWaveRadioStations	        0.482148E+01	        0.721856E+01	        0.370430E+01	        0.319127E+01	        0.316267E+01	        0.360623E+01	        0.178875E+01	        0.126153E+01	        0.931247E+00	        0.460946E+01	        0.370527E+01	        0.502605E+01	        0.218124E+01	        0.312999E+01	        0.999900E+02
TelevisionStations	        0.920501E+01	        0.807987E+01	        0.943937E+01	        0.101041E+02	        0.122981E+02	        0.121371E+02	        0.470616E+01	        0.483438E+01	        0.506137E+01	        0.109190E+02	        0.129008E+02	        0.109738E+02	        0.696053E+01	        0.955946E+01	        0.309262E+01	        0.999900E+02
UnpavedAirports	        0.125811E+02	        0.686255E+01	        0.512089E+01	        0.497977E+01	        0.453517E+01	        0.576626E+01	        0.594723E+00	        0.818747E+00	        0.102452E+01	        0.815390E+01	        0.532672E+01	        0.653596E+01	        0.320319E+01	        0.613130E+01	        0.456739E+01	        0.492800E+01	        0.999900E+02
XXCopri-4	2	1
Control panel of Eigenvalues
Trace of matrix:        17.00000
Number	Eigenvalue	Percentage	Cumulated Percentage
    1	        0.872233E+01	        0.513078E+02	        0.513078E+02
    2	        0.239849E+01	        0.141088E+02	        0.654166E+02
    3	        0.120735E+01	        0.710204E+01	        0.725186E+02
    4	        0.810813E+00	        0.476948E+01	        0.772881E+02
    5	        0.764803E+00	        0.449884E+01	        0.817869E+02
    6	        0.687964E+00	        0.404685E+01	        0.858338E+02
    7	        0.487611E+00	        0.286830E+01	        0.887021E+02
    8	        0.395282E+00	        0.232519E+01	        0.910273E+02
    9	        0.278815E+00	        0.164009E+01	        0.926674E+02
   10	        0.263535E+00	        0.155021E+01	        0.942176E+02
   11	        0.229414E+00	        0.134950E+01	        0.955671E+02
   12	        0.195272E+00	        0.114866E+01	        0.967157E+02
   13	        0.158077E+00	        0.929867E+00	        0.976456E+02
   14	        0.127200E+00	        0.748232E+00	        0.983938E+02
   15	        0.114159E+00	        0.671523E+00	        0.990654E+02
   16	        0.107190E+00	        0.630531E+00	        0.996959E+02
   17	        0.517029E-01	        0.304135E+00	        0.100000E+03
XXCopri-5	1	1
Anderson's Laplace intervals (Threshold: 0.95)
Number	Lower limit	Eigenvalue	Upper limit
   1	        0.697294E+01	        0.872233E+01	        0.104717E+02
   2	        0.191744E+01	        0.239849E+01	        0.287954E+01
   3	        0.965196E+00	        0.120735E+01	        0.144950E+01
   4	        0.648192E+00	        0.810813E+00	        0.973433E+00
   5	        0.611411E+00	        0.764803E+00	        0.918196E+00
XXCopri-6	1	0
Active variables
DTM	1	1
Coordinates of active variables
Label variable	Axis  1	Axis  2	Axis  3	Axis  4	Axis  5
Airports	        0.789310E+00	        0.271750E+00	       -0.290486E+00	        0.195732E+00	       -0.247914E+00
AMRadioStations	        0.738958E+00	        0.171627E+00	       -0.343537E+00	       -0.142570E+00	        0.127628E+00
CellularPhones	        0.814843E+00	        0.175797E+00	        0.237307E+00	       -0.126607E+00	       -0.154206E+00
FMRadioStations	        0.746144E+00	       -0.205833E-01	        0.833544E-01	       -0.339441E+00	       -0.404111E-02
InternetHosts	        0.764522E+00	        0.324687E-01	        0.249242E+00	       -0.588548E-01	        0.204558E+00
InternetUsers	        0.880124E+00	        0.809788E-01	        0.237950E+00	       -0.358127E-01	       -0.361824E-01
MerchantShips	        0.412619E+00	       -0.811531E+00	       -0.173627E+00	       -0.408508E-01	       -0.923476E-02
MerchantShipsDeadWeight	        0.440208E+00	       -0.850147E+00	       -0.111653E+00	        0.635131E-01	       -0.541157E-01
MerchantShipsGross	        0.466690E+00	       -0.834725E+00	       -0.829985E-01	        0.606098E-01	       -0.944717E-01
PavedAirports	        0.835926E+00	        0.107788E+00	       -0.935370E-01	        0.218479E+00	       -0.587139E-01
PhoneLines	        0.884882E+00	        0.477725E-01	        0.236484E+00	       -0.389939E-01	       -0.224630E-01
RadioStations	        0.860947E+00	        0.911225E-01	       -0.778583E-02	       -0.284171E+00	       -0.297409E-02
RailwayLength	        0.554771E+00	        0.187041E-01	        0.205159E+00	        0.546121E+00	        0.491644E+00
RoadLength	        0.814577E+00	        0.154487E+00	        0.169061E+00	       -0.882872E-03	       -0.242768E+00
ShortWaveRadioStations	        0.436566E+00	        0.163642E+00	       -0.612694E+00	       -0.252638E+00	        0.445331E+00
TelevisionStations	        0.828731E+00	       -0.762773E-01	        0.180900E+00	        0.750327E-01	        0.165474E+00
UnpavedAirports	        0.565596E+00	        0.314849E+00	       -0.479497E+00	        0.330290E+00	       -0.279023E+00
FTM
DTM	1	1
Active variables-factors correlations
Label variable	Axis  1	Axis  2	Axis  3	Axis  4	Axis  5
Airports	        0.789310E+00	        0.271750E+00	       -0.290486E+00	        0.195732E+00	       -0.247914E+00
AMRadioStations	        0.738958E+00	        0.171627E+00	       -0.343537E+00	       -0.142570E+00	        0.127628E+00
CellularPhones	        0.814843E+00	        0.175797E+00	        0.237307E+00	       -0.126607E+00	       -0.154206E+00
FMRadioStations	        0.746144E+00	       -0.205833E-01	        0.833544E-01	       -0.339441E+00	       -0.404111E-02
InternetHosts	        0.764522E+00	        0.324687E-01	        0.249242E+00	       -0.588548E-01	        0.204558E+00
InternetUsers	        0.880124E+00	        0.809788E-01	        0.237950E+00	       -0.358127E-01	       -0.361824E-01
MerchantShips	        0.412619E+00	       -0.811531E+00	       -0.173627E+00	       -0.408508E-01	       -0.923476E-02
MerchantShipsDeadWeight	        0.440208E+00	       -0.850147E+00	       -0.111653E+00	        0.635131E-01	       -0.541157E-01
MerchantShipsGross	        0.466690E+00	       -0.834725E+00	       -0.829985E-01	        0.606098E-01	       -0.944717E-01
PavedAirports	        0.835926E+00	        0.107788E+00	       -0.935370E-01	        0.218479E+00	       -0.587139E-01
PhoneLines	        0.884882E+00	        0.477725E-01	        0.236484E+00	       -0.389939E-01	       -0.224630E-01
RadioStations	        0.860947E+00	        0.911225E-01	       -0.778583E-02	       -0.284171E+00	       -0.297409E-02
RailwayLength	        0.554771E+00	        0.187041E-01	        0.205159E+00	        0.546121E+00	        0.491644E+00
RoadLength	        0.814577E+00	        0.154487E+00	        0.169061E+00	       -0.882872E-03	       -0.242768E+00
ShortWaveRadioStations	        0.436566E+00	        0.163642E+00	       -0.612694E+00	       -0.252638E+00	        0.445331E+00
TelevisionStations	        0.828731E+00	       -0.762773E-01	        0.180900E+00	        0.750327E-01	        0.165474E+00
UnpavedAirports	        0.565596E+00	        0.314849E+00	       -0.479497E+00	        0.330290E+00	       -0.279023E+00
FTM
DTM	1	1
Normed eigenvectors
Label variable	Axis  1	Axis  2	Axis  3	Axis  4	Axis  5
Airports	        0.267258E+00	        0.175469E+00	       -0.264368E+00	        0.217371E+00	       -0.283482E+00
AMRadioStations	        0.250209E+00	        0.110819E+00	       -0.312649E+00	       -0.158332E+00	        0.145939E+00
CellularPhones	        0.275904E+00	        0.113512E+00	        0.215970E+00	       -0.140604E+00	       -0.176330E+00
FMRadioStations	        0.252643E+00	       -0.132907E-01	        0.758599E-01	       -0.376968E+00	       -0.462089E-02
InternetHosts	        0.258865E+00	        0.209651E-01	        0.226832E+00	       -0.653615E-01	        0.233906E+00
InternetUsers	        0.298008E+00	        0.522881E-01	        0.216556E+00	       -0.397720E-01	       -0.413735E-01
MerchantShips	        0.139712E+00	       -0.524006E+00	       -0.158016E+00	       -0.453670E-01	       -0.105597E-01
MerchantShipsDeadWeight	        0.149053E+00	       -0.548940E+00	       -0.101614E+00	        0.705348E-01	       -0.618798E-01
MerchantShipsGross	        0.158020E+00	       -0.538983E+00	       -0.755360E-01	        0.673105E-01	       -0.108026E+00
PavedAirports	        0.283042E+00	        0.695987E-01	       -0.851270E-01	        0.242632E+00	       -0.671377E-01
PhoneLines	        0.299619E+00	        0.308467E-01	        0.215221E+00	       -0.433048E-01	       -0.256858E-01
RadioStations	        0.291514E+00	        0.588378E-01	       -0.708580E-02	       -0.315587E+00	       -0.340078E-02
RailwayLength	        0.187844E+00	        0.120772E-01	        0.186713E+00	        0.606497E+00	        0.562180E+00
RoadLength	        0.275814E+00	        0.997522E-01	        0.153860E+00	       -0.980477E-03	       -0.277598E+00
ShortWaveRadioStations	        0.147820E+00	        0.105664E+00	       -0.557606E+00	       -0.280568E+00	        0.509223E+00
TelevisionStations	        0.280606E+00	       -0.492523E-01	        0.164635E+00	        0.833279E-01	        0.189215E+00
UnpavedAirports	        0.191509E+00	        0.203298E+00	       -0.436385E+00	        0.366805E+00	       -0.319055E+00
FTM
XXCopri-11	1	1
Coordinates of supplementary categories
Label  	Count   	Absolute weight	Distance to origin   	Axis  1	Axis  2	Axis  3	Axis  4	Axis  5
DTM	1	0
Continent
Africa	        0.530000E+02	        0.530000E+02	        0.303709E+01	       -0.152188E+01	        0.572899E+00	        0.655032E-01	        0.153788E+00	       -0.390243E+00
Asia	        0.480000E+02	        0.480000E+02	        0.916577E+00	        0.702480E+00	       -0.360002E+00	        0.291609E+00	       -0.825754E-01	        0.174618E-01
Europe	        0.420000E+02	        0.420000E+02	        0.262990E+01	        0.125603E+01	       -0.422527E+00	        0.731477E+00	       -0.191012E-01	        0.167053E+00
NorthAmerica	        0.230000E+02	        0.230000E+02	        0.111887E+01	        0.197783E+00	       -0.382587E+00	       -0.851625E+00	       -0.290739E+00	       -0.364615E-01
Oceania	        0.140000E+02	        0.140000E+02	        0.924611E+01	       -0.257959E+01	       -0.396312E+00	       -0.741615E+00	        0.596920E+00	        0.775389E+00
SouthAmerica	        0.120000E+02	        0.120000E+02	        0.978527E+01	        0.214604E+01	        0.158422E+01	       -0.151842E+01	       -0.421240E+00	        0.234295E+00
FTM
XXCopri-12	1	1
Test-values of supplementary categories
Label  	Count   	Absolute weight	Distance to origin   	Axis  1	Axis  2	Axis  3	Axis  4	Axis  5
DTM	1	0
Continent
Africa	        0.530000E+02	        0.530000E+02	        0.303709E+01	       -0.439756E+01	        0.315687E+01	        0.508738E+00	        0.145751E+01	       -0.380809E+01
Asia	        0.480000E+02	        0.480000E+02	        0.916577E+00	        0.189790E+01	       -0.185478E+01	        0.211758E+01	       -0.731722E+00	        0.159320E+00
Europe	        0.420000E+02	        0.420000E+02	        0.262990E+01	        0.311014E+01	       -0.199518E+01	        0.486833E+01	       -0.155130E+00	        0.139693E+01
NorthAmerica	        0.230000E+02	        0.230000E+02	        0.111887E+01	        0.341437E+00	       -0.125950E+01	       -0.395157E+01	       -0.164619E+01	       -0.212568E+00
Oceania	        0.140000E+02	        0.140000E+02	        0.924611E+01	       -0.338536E+01	       -0.991835E+00	       -0.261597E+01	        0.256937E+01	        0.343649E+01
SouthAmerica	        0.120000E+02	        0.120000E+02	        0.978527E+01	        0.259294E+01	        0.365020E+01	       -0.493113E+01	       -0.166933E+01	        0.956001E+00
FTM
ZZF
EOF
