ZZD
XXCopri-1	1	1
Summary statistics of continuous variables
Label variable	Count	Weight	Mean	Standard Deviation	Minimum	Maximum
ExchangeRate	     192	        0.192000E+03	        0.132576E+01	        0.149248E+01	       -0.570521E+00	        0.124356E+02
ExternalDebt	     185	        0.185000E+03	        0.100066E+02	        0.118361E+01	        0.700000E+01	        0.130881E+02
ForeignExchangeReserves	     153	        0.153000E+03	        0.976966E+01	        0.936854E+00	        0.738021E+01	        0.123081E+02
GDP	     192	        0.192000E+03	        0.103560E+02	        0.108340E+01	        0.738713E+01	        0.131491E+02
GDPAtParity	     192	        0.192000E+03	        0.105409E+02	        0.103583E+01	        0.717435E+01	        0.131596E+02
GDPPerCapita	     192	        0.192000E+03	        0.364032E+01	        0.712167E+00	        0.213868E+01	        0.532531E+01
GDPRealGrowth	     192	        0.192000E+03	        0.400683E-01	        0.403245E-01	       -0.145599E+00	        0.163947E+00
GovernmentDebt	     127	        0.127000E+03	        0.102622E+02	        0.943964E+00	        0.825115E+01	        0.129063E+02
GovernmentExpenditures	     189	        0.189000E+03	        0.907937E+01	        0.119481E+01	        0.700000E+01	        0.120000E+02
GovernmentReceipts	     189	        0.189000E+03	        0.906349E+01	        0.119354E+01	        0.700000E+01	        0.120000E+02
IndustrialProductionGrowth	     170	        0.170000E+03	        0.310588E-01	        0.436902E-01	       -0.147000E+00	        0.142000E+00
InflationRate	     192	        0.192000E+03	        0.122382E+00	        0.100754E+00	       -0.187772E+00	        0.523664E+00
LaborForce	     185	        0.185000E+03	        0.588108E+01	        0.984704E+00	        0.300000E+01	        0.800000E+01
PriceIndex	     192	        0.192000E+03	        0.188321E+03	        0.714077E+02	        0.673002E+02	        0.410739E+03
UnemploymentFraction	     168	        0.168000E+03	        0.135613E+00	        0.164533E+00	        0.000000E+00	        0.900000E+00
XXCopri-2	1	1
Correlation matrix
	ExchangeRate	ExternalDebt	ForeignExchangeReserves	GDP	GDPAtParity	GDPPerCapita	GDPRealGrowth	GovernmentDebt	GovernmentExpenditures	GovernmentReceipts	IndustrialProductionGrowth	InflationRate	LaborForce	PriceIndex	UnemploymentFraction
ExchangeRate	        0.100000E+01
ExternalDebt	       -0.204115E+00	        0.100000E+01
ForeignExchangeReserves	       -0.208358E+00	        0.627606E+00	        0.100000E+01
GDP	       -0.140730E+00	        0.884990E+00	        0.689131E+00	        0.100000E+01
GDPAtParity	       -0.918907E-01	        0.835725E+00	        0.674262E+00	        0.982638E+00	        0.100000E+01
GDPPerCapita	       -0.545265E+00	        0.547397E+00	        0.413951E+00	        0.491541E+00	        0.369307E+00	        0.100000E+01
GDPRealGrowth	        0.769240E-01	       -0.924056E-01	        0.501604E-01	        0.303615E-01	        0.953526E-01	       -0.237391E+00	        0.100000E+01
GovernmentDebt	       -0.129972E+00	        0.688970E+00	        0.508258E+00	        0.636291E+00	        0.611808E+00	        0.275549E+00	       -0.909805E-01	        0.100000E+01
GovernmentExpenditures	       -0.164093E+00	        0.859448E+00	        0.697459E+00	        0.941778E+00	        0.916186E+00	        0.525446E+00	       -0.614479E-01	        0.618540E+00	        0.100000E+01
GovernmentReceipts	       -0.168425E+00	        0.856098E+00	        0.687551E+00	        0.941945E+00	        0.916854E+00	        0.530395E+00	       -0.612072E-01	        0.623496E+00	        0.979682E+00	        0.100000E+01
IndustrialProductionGrowth	        0.222587E-01	       -0.112719E+00	       -0.516218E-01	       -0.555280E-01	       -0.398826E-02	       -0.225239E+00	        0.570439E+00	       -0.677182E-01	       -0.101868E+00	       -0.920198E-01	        0.100000E+01
InflationRate	        0.285662E-01	        0.147005E-01	        0.526352E-01	        0.100714E+00	        0.994295E-01	       -0.599787E-02	        0.160300E+00	       -0.817319E-01	       -0.191733E-02	        0.247816E-01	        0.265092E+00	        0.100000E+01
LaborForce	        0.207075E+00	        0.576627E+00	        0.472061E+00	        0.731291E+00	        0.794772E+00	       -0.131164E+00	        0.195850E+00	        0.514480E+00	        0.640378E+00	        0.642876E+00	        0.112756E+00	        0.149834E+00	        0.100000E+01
PriceIndex	       -0.110147E+00	        0.134983E+00	        0.197355E+00	        0.173191E+00	        0.153347E+00	        0.298015E+00	        0.340868E-01	       -0.379458E-01	        0.113935E+00	        0.142250E+00	       -0.167096E-01	        0.398415E+00	        0.411239E-01	        0.100000E+01
UnemploymentFraction	        0.302274E+00	       -0.324203E+00	       -0.198570E+00	       -0.329091E+00	       -0.313238E+00	       -0.405139E+00	       -0.146496E+00	       -0.189940E+00	       -0.288367E+00	       -0.281813E+00	       -0.693814E-01	       -0.276312E-01	       -0.134961E-01	       -0.135987E+00	        0.100000E+01
XXCopri-3	1	1
Test-values matrix
	ExchangeRate	ExternalDebt	ForeignExchangeReserves	GDP	GDPAtParity	GDPPerCapita	GDPRealGrowth	GovernmentDebt	GovernmentExpenditures	GovernmentReceipts	IndustrialProductionGrowth	InflationRate	LaborForce	PriceIndex	UnemploymentFraction
ExchangeRate	        0.999900E+02
ExternalDebt	       -0.281582E+01	        0.999900E+02
ForeignExchangeReserves	       -0.261554E+01	        0.912183E+01	        0.999900E+02
GDP	       -0.196303E+01	        0.190193E+02	        0.104681E+02	        0.999900E+02
GDPAtParity	       -0.127688E+01	        0.164146E+02	        0.101245E+02	        0.328251E+02	        0.999900E+02
GDPPerCapita	       -0.847482E+01	        0.836025E+01	        0.544707E+01	        0.745600E+01	        0.537102E+01	        0.999900E+02
GDPRealGrowth	        0.106800E+01	       -0.126045E+01	        0.620972E+00	        0.420831E+00	        0.132527E+01	       -0.335336E+01	        0.999900E+02
GovernmentDebt	       -0.147304E+01	        0.953385E+01	        0.631515E+01	        0.847367E+01	        0.802164E+01	        0.318766E+01	       -0.102814E+01	        0.999900E+02
GovernmentExpenditures	       -0.227648E+01	        0.175626E+02	        0.106665E+02	        0.241073E+02	        0.215117E+02	        0.802637E+01	       -0.845835E+00	        0.814371E+01	        0.999900E+02
GovernmentReceipts	       -0.233774E+01	        0.173902E+02	        0.104310E+02	        0.241277E+02	        0.215691E+02	        0.812071E+01	       -0.842513E+00	        0.823462E+01	        0.314768E+02	        0.999900E+02
IndustrialProductionGrowth	        0.290266E+00	       -0.147594E+01	       -0.639095E+00	       -0.724742E+00	       -0.520008E-01	       -0.298799E+01	        0.845114E+01	       -0.764315E+00	       -0.133281E+01	       -0.120320E+01	        0.999900E+02
InflationRate	        0.395932E+00	        0.199962E+00	        0.651664E+00	        0.140028E+01	        0.138230E+01	       -0.831100E-01	        0.224051E+01	       -0.923131E+00	       -0.263589E-01	        0.340760E+00	        0.354094E+01	        0.999900E+02
LaborForce	        0.285785E+01	        0.894154E+01	        0.634198E+01	        0.126697E+02	        0.147475E+02	       -0.179436E+01	        0.269871E+01	        0.641009E+01	        0.103210E+02	        0.103787E+02	        0.147643E+01	        0.205343E+01	        0.999900E+02
PriceIndex	       -0.153245E+01	        0.184725E+01	        0.247361E+01	        0.242423E+01	        0.214173E+01	        0.425862E+01	        0.472504E+00	       -0.427833E+00	        0.157318E+01	        0.196897E+01	       -0.217886E+00	        0.584412E+01	        0.559661E+00	        0.999900E+02
UnemploymentFraction	        0.404424E+01	       -0.435942E+01	       -0.248924E+01	       -0.443035E+01	       -0.420122E+01	       -0.557061E+01	       -0.191257E+01	       -0.216683E+01	       -0.384677E+01	       -0.375430E+01	       -0.900733E+00	       -0.358233E+00	       -0.174939E+00	       -0.177358E+01	        0.999900E+02
XXCopri-4	2	1
Control panel of Eigenvalues
Trace of matrix:        15.00000
Number	Eigenvalue	Percentage	Cumulated Percentage
    1	        0.663182E+01	        0.442122E+02	        0.442122E+02
    2	        0.208594E+01	        0.139062E+02	        0.581184E+02
    3	        0.171852E+01	        0.114568E+02	        0.695752E+02
    4	        0.122620E+01	        0.817468E+01	        0.777499E+02
    5	        0.709067E+00	        0.472711E+01	        0.824770E+02
    6	        0.615832E+00	        0.410554E+01	        0.865826E+02
    7	        0.499956E+00	        0.333304E+01	        0.899156E+02
    8	        0.437514E+00	        0.291676E+01	        0.928324E+02
    9	        0.405420E+00	        0.270280E+01	        0.955352E+02
   10	        0.327396E+00	        0.218264E+01	        0.977178E+02
   11	        0.153537E+00	        0.102358E+01	        0.987414E+02
   12	        0.105639E+00	        0.704259E+00	        0.994456E+02
   13	        0.583903E-01	        0.389269E+00	        0.998349E+02
   14	        0.192652E-01	        0.128434E+00	        0.999633E+02
   15	        0.549913E-02	        0.366609E-01	        0.100000E+03
XXCopri-5	1	1
Anderson's Laplace intervals (Threshold: 0.95)
Number	Lower limit	Eigenvalue	Upper limit
   1	        0.530172E+01	        0.663182E+01	        0.796193E+01
   2	        0.166757E+01	        0.208594E+01	        0.250430E+01
   3	        0.137385E+01	        0.171852E+01	        0.206320E+01
   4	        0.980270E+00	        0.122620E+01	        0.147214E+01
   5	        0.566853E+00	        0.709067E+00	        0.851280E+00
XXCopri-6	1	0
Active variables
DTM	1	1
Coordinates of active variables
Label variable	Axis  1	Axis  2	Axis  3	Axis  4	Axis  5
ExchangeRate	       -0.226729E+00	        0.544211E+00	       -0.457221E+00	        0.310020E+00	       -0.437554E+00
ExternalDebt	        0.918205E+00	       -0.748803E-01	       -0.566915E-01	       -0.163227E-01	       -0.673043E-02
ForeignExchangeReserves	        0.762715E+00	        0.673615E-02	        0.533860E-01	        0.283310E-01	        0.204695E+00
GDP	        0.976272E+00	        0.932163E-01	       -0.215178E-01	        0.300248E-01	       -0.507570E-01
GDPAtParity	        0.950093E+00	        0.201677E+00	       -0.441381E-01	        0.119866E-01	       -0.680023E-01
GDPPerCapita	        0.554039E+00	       -0.639017E+00	        0.352482E+00	       -0.164137E-01	        0.403791E-01
GDPRealGrowth	       -0.176336E-01	        0.663227E+00	        0.420668E+00	       -0.378183E+00	       -0.513479E-01
GovernmentDebt	        0.712032E+00	        0.696930E-02	       -0.242266E+00	       -0.145749E+00	        0.148675E+00
GovernmentExpenditures	        0.957626E+00	       -0.117014E-01	       -0.918707E-01	       -0.357048E-02	       -0.710164E-02
GovernmentReceipts	        0.958108E+00	       -0.617478E-02	       -0.719619E-01	        0.202843E-01	        0.276926E-02
IndustrialProductionGrowth	       -0.813644E-01	        0.628473E+00	        0.454585E+00	       -0.353529E+00	        0.248446E+00
InflationRate	        0.650580E-01	        0.347064E+00	        0.543993E+00	        0.541407E+00	        0.121106E+00
LaborForce	        0.682654E+00	        0.575327E+00	       -0.255610E+00	        0.109032E+00	       -0.837033E-02
PriceIndex	        0.195761E+00	       -0.611244E-01	        0.576322E+00	        0.613810E+00	       -0.123608E+00
UnemploymentFraction	       -0.367878E+00	        0.190126E+00	       -0.476888E+00	        0.395299E+00	        0.591859E+00
FTM
DTM	1	1
Active variables-factors correlations
Label variable	Axis  1	Axis  2	Axis  3	Axis  4	Axis  5
ExchangeRate	       -0.226729E+00	        0.544211E+00	       -0.457221E+00	        0.310020E+00	       -0.437554E+00
ExternalDebt	        0.918205E+00	       -0.748803E-01	       -0.566915E-01	       -0.163227E-01	       -0.673043E-02
ForeignExchangeReserves	        0.762715E+00	        0.673615E-02	        0.533860E-01	        0.283310E-01	        0.204695E+00
GDP	        0.976272E+00	        0.932163E-01	       -0.215178E-01	        0.300248E-01	       -0.507570E-01
GDPAtParity	        0.950093E+00	        0.201677E+00	       -0.441381E-01	        0.119866E-01	       -0.680023E-01
GDPPerCapita	        0.554039E+00	       -0.639017E+00	        0.352482E+00	       -0.164137E-01	        0.403791E-01
GDPRealGrowth	       -0.176336E-01	        0.663227E+00	        0.420668E+00	       -0.378183E+00	       -0.513479E-01
GovernmentDebt	        0.712032E+00	        0.696930E-02	       -0.242266E+00	       -0.145749E+00	        0.148675E+00
GovernmentExpenditures	        0.957626E+00	       -0.117014E-01	       -0.918707E-01	       -0.357048E-02	       -0.710164E-02
GovernmentReceipts	        0.958108E+00	       -0.617478E-02	       -0.719619E-01	        0.202843E-01	        0.276926E-02
IndustrialProductionGrowth	       -0.813644E-01	        0.628473E+00	        0.454585E+00	       -0.353529E+00	        0.248446E+00
InflationRate	        0.650580E-01	        0.347064E+00	        0.543993E+00	        0.541407E+00	        0.121106E+00
LaborForce	        0.682654E+00	        0.575327E+00	       -0.255610E+00	        0.109032E+00	       -0.837033E-02
PriceIndex	        0.195761E+00	       -0.611244E-01	        0.576322E+00	        0.613810E+00	       -0.123608E+00
UnemploymentFraction	       -0.367878E+00	        0.190126E+00	       -0.476888E+00	        0.395299E+00	        0.591859E+00
FTM
DTM	1	1
Normed eigenvectors
Label variable	Axis  1	Axis  2	Axis  3	Axis  4	Axis  5
ExchangeRate	       -0.880421E-01	        0.376805E+00	       -0.348777E+00	        0.279968E+00	       -0.519622E+00
ExternalDebt	        0.356552E+00	       -0.518462E-01	       -0.432454E-01	       -0.147405E-01	       -0.799281E-02
ForeignExchangeReserves	        0.296173E+00	        0.466403E-02	        0.407239E-01	        0.255848E-01	        0.243088E+00
GDP	        0.379100E+00	        0.645419E-01	       -0.164142E-01	        0.271144E-01	       -0.602771E-01
GDPAtParity	        0.368935E+00	        0.139639E+00	       -0.336694E-01	        0.108247E-01	       -0.807570E-01
GDPPerCapita	        0.215141E+00	       -0.442448E+00	        0.268881E+00	       -0.148226E-01	        0.479528E-01
GDPRealGrowth	       -0.684737E-02	        0.459211E+00	        0.320894E+00	       -0.341524E+00	       -0.609788E-01
GovernmentDebt	        0.276492E+00	        0.482546E-02	       -0.184806E+00	       -0.131621E+00	        0.176561E+00
GovernmentExpenditures	        0.371860E+00	       -0.810192E-02	       -0.700808E-01	       -0.322437E-02	       -0.843364E-02
GovernmentReceipts	        0.372047E+00	       -0.427535E-02	       -0.548940E-01	        0.183180E-01	        0.328867E-02
IndustrialProductionGrowth	       -0.315950E-01	        0.435147E+00	        0.346767E+00	       -0.319260E+00	        0.295045E+00
InflationRate	        0.252629E-01	        0.240303E+00	        0.414969E+00	        0.488926E+00	        0.143821E+00
LaborForce	        0.265084E+00	        0.398349E+00	       -0.194984E+00	        0.984633E-01	       -0.994029E-02
PriceIndex	        0.760167E-01	       -0.423218E-01	        0.439630E+00	        0.554310E+00	       -0.146792E+00
UnemploymentFraction	       -0.142852E+00	        0.131641E+00	       -0.363780E+00	        0.356981E+00	        0.702870E+00
FTM
XXCopri-11	1	1
Coordinates of supplementary categories
Label  	Count   	Absolute weight	Distance to origin   	Axis  1	Axis  2	Axis  3	Axis  4	Axis  5
DTM	1	0
Continent
Africa	        0.530000E+02	        0.530000E+02	        0.322771E+01	       -0.141330E+01	        0.875864E+00	       -0.636861E+00	       -0.388883E-01	        0.725942E-01
Asia	        0.480000E+02	        0.480000E+02	        0.151858E+01	        0.910332E+00	        0.727058E+00	        0.266191E+00	        0.133997E+00	       -0.752496E-01
Europe	        0.420000E+02	        0.420000E+02	        0.441214E+01	        0.174504E+01	       -0.106316E+01	        0.331389E+00	        0.742594E-01	       -0.502872E-02
NorthAmerica	        0.230000E+02	        0.230000E+02	        0.202064E+01	       -0.674621E+00	       -0.102268E+01	       -0.685757E-01	       -0.182269E+00	       -0.220101E+00
Oceania	        0.140000E+02	        0.140000E+02	        0.103151E+02	       -0.266704E+01	       -0.143578E+01	        0.125427E+00	       -0.243566E+00	        0.483615E+00
SouthAmerica	        0.120000E+02	        0.120000E+02	        0.153374E+01	        0.897650E+00	        0.579655E+00	        0.573274E+00	        0.936772E-02	       -0.144388E+00
FTM
DTM	1	0
SectorLaborFractions
Agriculture	        0.640000E+02	        0.640000E+02	        0.248445E+01	       -0.105550E+01	        0.101932E+01	       -0.540904E+00	        0.423511E-02	       -0.142280E-01
Industry	        0.300000E+01	        0.300000E+01	        0.220377E+01	        0.106168E+00	       -0.808745E+00	        0.106771E+01	        0.390617E+00	        0.254719E+00
IndustryAndServices	        0.200000E+01	        0.200000E+01	        0.787689E+01	       -0.180221E+01	       -0.978081E+00	       -0.597603E+00	       -0.128624E+01	       -0.101147E+00
Services	        0.100000E+03	        0.100000E+03	        0.166225E+01	        0.109968E+01	       -0.624277E+00	        0.225202E+00	       -0.540253E-01	       -0.314618E-01
*Missing value*	        0.230000E+02	        0.230000E+02	        0.343287E+01	       -0.170132E+01	        0.684256E-01	        0.438681E+00	        0.284005E+00	        0.151950E+00
FTM
XXCopri-12	1	1
Test-values of supplementary categories
Label  	Count   	Absolute weight	Distance to origin   	Axis  1	Axis  2	Axis  3	Axis  4	Axis  5
DTM	1	0
Continent
Africa	        0.530000E+02	        0.530000E+02	        0.322771E+01	       -0.468343E+01	        0.517528E+01	       -0.414585E+01	       -0.299699E+00	        0.735708E+00
Asia	        0.480000E+02	        0.480000E+02	        0.151858E+01	        0.282059E+01	        0.401675E+01	        0.162021E+01	        0.965542E+00	       -0.713045E+00
Europe	        0.420000E+02	        0.420000E+02	        0.441214E+01	        0.495547E+01	       -0.538325E+01	        0.184866E+01	        0.490418E+00	       -0.436727E-01
NorthAmerica	        0.230000E+02	        0.230000E+02	        0.202064E+01	       -0.133561E+01	       -0.361016E+01	       -0.266704E+00	       -0.839205E+00	       -0.133265E+01
Oceania	        0.140000E+02	        0.140000E+02	        0.103151E+02	       -0.401405E+01	       -0.385308E+01	        0.370838E+00	       -0.852522E+00	        0.222601E+01
SouthAmerica	        0.120000E+02	        0.120000E+02	        0.153374E+01	        0.124383E+01	        0.143215E+01	        0.156047E+01	        0.301873E-01	       -0.611868E+00
FTM
DTM	1	0
SectorLaborFractions
Agriculture	        0.640000E+02	        0.640000E+02	        0.248445E+01	       -0.400537E+01	        0.689702E+01	       -0.403222E+01	        0.373754E-01	       -0.165121E+00
Industry	        0.300000E+01	        0.300000E+01	        0.220377E+01	        0.717836E-01	       -0.975007E+00	        0.141815E+01	        0.614209E+00	        0.526702E+00
IndustryAndServices	        0.200000E+01	        0.200000E+01	        0.787689E+01	       -0.992303E+00	       -0.960239E+00	       -0.646383E+00	       -0.164700E+01	       -0.170319E+00
Services	        0.100000E+03	        0.100000E+03	        0.166225E+01	        0.615279E+01	       -0.622802E+01	        0.247524E+01	       -0.702973E+00	       -0.538348E+00
*Missing value*	        0.230000E+02	        0.230000E+02	        0.343287E+01	       -0.336826E+01	        0.241549E+00	        0.170612E+01	        0.130762E+01	        0.920014E+00
FTM
ZZF
EOF
