ZZD
XXCopri-1	1	1
Summary statistics of continuous variables
Label variable	Count	Weight	Mean	Standard Deviation	Minimum	Maximum
ArableLandArea	     190	        0.190000E+03	        0.338947E+01	        0.125484E+01	        0.000000E+00	        0.600000E+01
ArableLandFraction	     192	        0.192000E+03	        0.150718E+00	        0.140110E+00	        0.000000E+00	        0.666667E+00
Area	     192	        0.192000E+03	        0.438542E+01	        0.124891E+01	        0.000000E+00	        0.700000E+01
BoundaryLength	     192	        0.192000E+03	        0.283333E+01	        0.671855E+00	        0.000000E+00	        0.500000E+01
CoastlineLength	     150	        0.150000E+03	        0.248000E+01	        0.805978E+00	        0.000000E+00	        0.500000E+01
CropsLandArea	     182	        0.182000E+03	        0.306109E+01	        0.944535E+00	        0.863323E+00	        0.510563E+01
CropsLandFraction	     182	        0.182000E+03	       -0.189943E+01	        0.827308E+00	       -0.400000E+01	       -0.176070E+00
HighestElevation	     192	        0.192000E+03	        0.272979E+04	        0.200844E+04	        0.200000E+01	        0.885000E+04
IrrigatedLandArea	     163	        0.163000E+03	        0.267485E+01	        0.108466E+01	        0.100000E+01	        0.500000E+01
IrrigatedLandFraction	     164	        0.164000E+03	        0.333134E-01	        0.503405E-01	        0.000000E+00	        0.362992E+00
LandArea	     192	        0.192000E+03	        0.436979E+01	        0.124320E+01	        0.000000E+00	        0.700000E+01
LowestElevation	      37	        0.370000E+02	        0.159459E+01	        0.590898E+00	        0.000000E+00	        0.300000E+01
WaterArea	     147	        0.147000E+03	        0.302041E+01	        0.950971E+00	        0.100000E+01	        0.500000E+01
XXCopri-2	1	1
Correlation matrix
	ArableLandArea	ArableLandFraction	Area	BoundaryLength	CoastlineLength	CropsLandArea	CropsLandFraction	HighestElevation	IrrigatedLandArea	IrrigatedLandFraction	LandArea	LowestElevation	WaterArea
ArableLandArea	        0.100000E+01
ArableLandFraction	        0.261362E+00	        0.100000E+01
Area	        0.786601E+00	       -0.767636E-01	        0.100000E+01
BoundaryLength	        0.642858E+00	       -0.458451E-01	        0.771753E+00	        0.100000E+01
CoastlineLength	        0.354093E+00	       -0.116949E+00	        0.456842E+00	        0.626363E+00	        0.100000E+01
CropsLandArea	        0.689060E+00	        0.117036E+00	        0.580133E+00	        0.544839E+00	        0.409625E+00	        0.100000E+01
CropsLandFraction	       -0.324047E+00	        0.293683E+00	       -0.495461E+00	       -0.272630E+00	       -0.119669E+00	        0.229584E+00	        0.100000E+01
HighestElevation	        0.508594E+00	       -0.969528E-01	        0.532704E+00	        0.456126E+00	        0.391578E+00	        0.558435E+00	       -0.103320E+00	        0.100000E+01
IrrigatedLandArea	        0.508367E+00	        0.995704E-01	        0.382722E+00	        0.411495E+00	        0.458867E+00	        0.538247E+00	        0.627602E-02	        0.517707E+00	        0.100000E+01
IrrigatedLandFraction	        0.668652E-01	        0.394240E+00	       -0.105761E+00	       -0.222582E-01	        0.213649E-01	        0.128694E+00	        0.290170E+00	        0.125223E+00	        0.435983E+00	        0.100000E+01
LandArea	        0.787427E+00	       -0.779084E-01	        0.995058E+00	        0.772182E+00	        0.458706E+00	        0.578976E+00	       -0.496521E+00	        0.537611E+00	        0.388776E+00	       -0.100908E+00	        0.100000E+01
LowestElevation	       -0.339089E-01	       -0.144465E+00	        0.782123E-02	       -0.436167E-01	        0.174413E-08	       -0.703489E-01	       -0.940436E-01	        0.875814E-01	       -0.131039E+00	       -0.720798E-01	        0.174604E-01	        0.100000E+01
WaterArea	        0.434707E+00	       -0.328092E-01	        0.439706E+00	        0.381402E+00	        0.291963E+00	        0.306168E+00	       -0.300913E+00	        0.396103E+00	        0.339748E+00	       -0.347098E-01	        0.431966E+00	        0.588548E-01	        0.100000E+01
XXCopri-3	1	1
Test-values matrix
	ArableLandArea	ArableLandFraction	Area	BoundaryLength	CoastlineLength	CropsLandArea	CropsLandFraction	HighestElevation	IrrigatedLandArea	IrrigatedLandFraction	LandArea	LowestElevation	WaterArea
ArableLandArea	        0.999900E+02
ArableLandFraction	        0.368820E+01	        0.999900E+02
Area	        0.146449E+02	       -0.106576E+01	        0.999900E+02
BoundaryLength	        0.105176E+02	       -0.635694E+00	        0.141979E+02	        0.999900E+02
CoastlineLength	        0.453297E+01	       -0.143890E+01	        0.604182E+01	        0.900687E+01	        0.999900E+02
CropsLandArea	        0.114154E+02	        0.158616E+01	        0.893981E+01	        0.824300E+01	        0.532961E+01	        0.999900E+02
CropsLandFraction	       -0.453507E+01	        0.408219E+01	       -0.732914E+01	       -0.377340E+01	       -0.147270E+01	        0.315346E+01	        0.999900E+02
HighestElevation	        0.773054E+01	       -0.134765E+01	        0.822950E+01	        0.682301E+01	        0.506631E+01	        0.850667E+01	       -0.139885E+01	        0.999900E+02
IrrigatedLandArea	        0.715630E+01	        0.127546E+01	        0.514829E+01	        0.558448E+01	        0.607320E+01	        0.768178E+01	        0.801279E-01	        0.731815E+01	        0.999900E+02
IrrigatedLandFraction	        0.857572E+00	        0.533777E+01	       -0.135949E+01	       -0.285091E+00	        0.261705E+00	        0.165728E+01	        0.382589E+01	        0.161210E+01	        0.596558E+01	        0.999900E+02
LandArea	        0.146748E+02	       -0.108172E+01	        0.415732E+02	        0.142127E+02	        0.607071E+01	        0.891630E+01	       -0.734810E+01	        0.832478E+01	        0.523910E+01	       -0.129666E+01	        0.999900E+02
LowestElevation	       -0.206339E+00	       -0.884934E+00	        0.475757E-01	       -0.265478E+00	        0.106091E-07	       -0.428624E+00	       -0.573740E+00	        0.534105E+00	       -0.801690E+00	       -0.439206E+00	        0.106218E+00	        0.999900E+02
WaterArea	        0.564614E+01	       -0.397934E+00	        0.572107E+01	        0.487034E+01	        0.364593E+01	        0.383508E+01	       -0.376489E+01	        0.508033E+01	        0.428968E+01	       -0.421003E+00	        0.560522E+01	        0.358414E+00	        0.999900E+02
XXCopri-4	2	1
Control panel of Eigenvalues
Trace of matrix:        13.00000
Number	Eigenvalue	Percentage	Cumulated Percentage
    1	        0.535827E+01	        0.412175E+02	        0.412175E+02
    2	        0.208112E+01	        0.160086E+02	        0.572261E+02
    3	        0.111055E+01	        0.854271E+01	        0.657688E+02
    4	        0.989537E+00	        0.761182E+01	        0.733806E+02
    5	        0.874296E+00	        0.672535E+01	        0.801060E+02
    6	        0.723288E+00	        0.556375E+01	        0.856698E+02
    7	        0.647282E+00	        0.497909E+01	        0.906488E+02
    8	        0.388281E+00	        0.298678E+01	        0.936356E+02
    9	        0.366878E+00	        0.282214E+01	        0.964578E+02
   10	        0.220444E+00	        0.169573E+01	        0.981535E+02
   11	        0.165442E+00	        0.127263E+01	        0.994261E+02
   12	        0.698276E-01	        0.537136E+00	        0.999632E+02
   13	        0.477592E-02	        0.367379E-01	        0.100000E+03
XXCopri-5	1	1
Anderson's Laplace intervals (Threshold: 0.95)
Number	Lower limit	Eigenvalue	Upper limit
   1	        0.428359E+01	        0.535827E+01	        0.643295E+01
   2	        0.166372E+01	        0.208112E+01	        0.249852E+01
   3	        0.887815E+00	        0.111055E+01	        0.133329E+01
   4	        0.791071E+00	        0.989537E+00	        0.118800E+01
   5	        0.698943E+00	        0.874296E+00	        0.104965E+01
XXCopri-6	1	0
Active variables
DTM	1	1
Coordinates of active variables
Label variable	Axis  1	Axis  2	Axis  3	Axis  4	Axis  5
ArableLandArea	        0.857106E+00	       -0.105966E+00	       -0.312552E+00	       -0.172893E+00	        0.131015E+00
ArableLandFraction	       -0.119765E-01	       -0.640537E+00	       -0.547221E+00	       -0.321662E+00	        0.140413E+00
Area	        0.911437E+00	        0.233388E+00	       -0.187878E+00	       -0.145559E-01	        0.943704E-01
BoundaryLength	        0.835449E+00	        0.758970E-01	       -0.283842E-01	        0.186468E+00	        0.748787E-01
CoastlineLength	        0.627271E+00	       -0.242862E-01	        0.350261E+00	        0.325771E+00	       -0.102741E+00
CropsLandArea	        0.730925E+00	       -0.385073E+00	        0.106024E+00	        0.128543E+00	        0.405640E+00
CropsLandFraction	       -0.354930E+00	       -0.703145E+00	        0.278836E+00	        0.201725E+00	        0.417651E+00
HighestElevation	        0.697595E+00	       -0.122390E+00	        0.363501E+00	       -0.972856E-01	       -0.359710E-02
IrrigatedLandArea	        0.627918E+00	       -0.479709E+00	        0.218468E+00	        0.261406E-01	       -0.357143E+00
IrrigatedLandFraction	        0.440862E-01	       -0.751321E+00	        0.637728E-01	       -0.267042E+00	       -0.371476E+00
LandArea	        0.912314E+00	        0.231702E+00	       -0.180360E+00	       -0.205209E-01	        0.947874E-01
LowestElevation	       -0.113633E-01	        0.282091E+00	        0.495470E+00	       -0.711314E+00	        0.310267E+00
WaterArea	        0.570790E+00	        0.115091E+00	        0.607220E-01	       -0.264586E+00	       -0.320255E+00
FTM
DTM	1	1
Active variables-factors correlations
Label variable	Axis  1	Axis  2	Axis  3	Axis  4	Axis  5
ArableLandArea	        0.857106E+00	       -0.105966E+00	       -0.312552E+00	       -0.172893E+00	        0.131015E+00
ArableLandFraction	       -0.119765E-01	       -0.640537E+00	       -0.547221E+00	       -0.321662E+00	        0.140413E+00
Area	        0.911437E+00	        0.233388E+00	       -0.187878E+00	       -0.145559E-01	        0.943704E-01
BoundaryLength	        0.835449E+00	        0.758970E-01	       -0.283842E-01	        0.186468E+00	        0.748787E-01
CoastlineLength	        0.627271E+00	       -0.242862E-01	        0.350261E+00	        0.325771E+00	       -0.102741E+00
CropsLandArea	        0.730925E+00	       -0.385073E+00	        0.106024E+00	        0.128543E+00	        0.405640E+00
CropsLandFraction	       -0.354930E+00	       -0.703145E+00	        0.278836E+00	        0.201725E+00	        0.417651E+00
HighestElevation	        0.697595E+00	       -0.122390E+00	        0.363501E+00	       -0.972856E-01	       -0.359710E-02
IrrigatedLandArea	        0.627918E+00	       -0.479709E+00	        0.218468E+00	        0.261406E-01	       -0.357143E+00
IrrigatedLandFraction	        0.440862E-01	       -0.751321E+00	        0.637728E-01	       -0.267042E+00	       -0.371476E+00
LandArea	        0.912314E+00	        0.231702E+00	       -0.180360E+00	       -0.205209E-01	        0.947874E-01
LowestElevation	       -0.113633E-01	        0.282091E+00	        0.495470E+00	       -0.711314E+00	        0.310267E+00
WaterArea	        0.570790E+00	        0.115091E+00	        0.607220E-01	       -0.264586E+00	       -0.320255E+00
FTM
DTM	1	1
Normed eigenvectors
Label variable	Axis  1	Axis  2	Axis  3	Axis  4	Axis  5
ArableLandArea	        0.370273E+00	       -0.734546E-01	       -0.296588E+00	       -0.173804E+00	        0.140117E+00
ArableLandFraction	       -0.517388E-02	       -0.444013E+00	       -0.519270E+00	       -0.323358E+00	        0.150168E+00
Area	        0.393744E+00	        0.161782E+00	       -0.178282E+00	       -0.146327E-01	        0.100927E+00
BoundaryLength	        0.360917E+00	        0.526109E-01	       -0.269344E-01	        0.187451E+00	        0.800809E-01
CoastlineLength	        0.270984E+00	       -0.168349E-01	        0.332370E+00	        0.327489E+00	       -0.109879E+00
CropsLandArea	        0.315762E+00	       -0.266928E+00	        0.100608E+00	        0.129220E+00	        0.433821E+00
CropsLandFraction	       -0.153331E+00	       -0.487412E+00	        0.264594E+00	        0.202789E+00	        0.446667E+00
HighestElevation	        0.301364E+00	       -0.848392E-01	        0.344934E+00	       -0.977985E-01	       -0.384701E-02
IrrigatedLandArea	        0.271263E+00	       -0.332529E+00	        0.207309E+00	        0.262784E-01	       -0.381956E+00
IrrigatedLandFraction	        0.190454E-01	       -0.520807E+00	        0.605154E-01	       -0.268450E+00	       -0.397284E+00
LandArea	        0.394123E+00	        0.160613E+00	       -0.171147E+00	       -0.206291E-01	        0.101373E+00
LowestElevation	       -0.490900E-02	        0.195542E+00	        0.470162E+00	       -0.715065E+00	        0.331823E+00
WaterArea	        0.246584E+00	        0.797796E-01	        0.576204E-01	       -0.265981E+00	       -0.342504E+00
FTM
XXCopri-11	1	1
Coordinates of supplementary categories
Label  	Count   	Absolute weight	Distance to origin   	Axis  1	Axis  2	Axis  3	Axis  4	Axis  5
DTM	1	0
Continent
Africa	        0.530000E+02	        0.530000E+02	        0.982758E+00	        0.136626E+00	        0.763298E+00	       -0.354300E+00	       -0.270652E+00	        0.367781E+00
Asia	        0.480000E+02	        0.480000E+02	        0.141239E+01	        0.780791E+00	       -0.533006E+00	        0.432802E+00	       -0.107821E+00	       -0.374334E+00
Europe	        0.420000E+02	        0.420000E+02	        0.904773E+00	       -0.445154E+00	       -0.369601E+00	       -0.586636E+00	       -0.426524E-01	       -0.895422E-01
NorthAmerica	        0.230000E+02	        0.230000E+02	        0.146282E+01	       -0.102018E+01	       -0.162929E+00	        0.383703E+00	        0.286739E+00	        0.261381E+00
Oceania	        0.140000E+02	        0.140000E+02	        0.513058E+01	       -0.181790E+01	       -0.336034E+00	        0.881593E+00	        0.711541E+00	       -0.895759E-02
SouthAmerica	        0.120000E+02	        0.120000E+02	        0.497561E+01	        0.190769E+01	        0.758716E+00	        0.122886E+00	        0.396233E+00	       -0.304162E+00
FTM
XXCopri-12	1	1
Test-values of supplementary categories
Label  	Count   	Absolute weight	Distance to origin   	Axis  1	Axis  2	Axis  3	Axis  4	Axis  5
DTM	1	0
Continent
Africa	        0.530000E+02	        0.530000E+02	        0.982758E+00	        0.503695E+00	        0.451536E+01	       -0.286912E+01	       -0.232189E+01	        0.335666E+01
Asia	        0.480000E+02	        0.480000E+02	        0.141239E+01	        0.269140E+01	       -0.294808E+01	        0.327700E+01	       -0.864855E+00	       -0.319437E+01
Europe	        0.420000E+02	        0.420000E+02	        0.904773E+00	       -0.140635E+01	       -0.187361E+01	       -0.407094E+01	       -0.313562E+00	       -0.700316E+00
NorthAmerica	        0.230000E+02	        0.230000E+02	        0.146282E+01	       -0.224700E+01	       -0.575819E+00	        0.185636E+01	        0.146963E+01	        0.142522E+01
Oceania	        0.140000E+02	        0.140000E+02	        0.513058E+01	       -0.304389E+01	       -0.902829E+00	        0.324242E+01	        0.277239E+01	       -0.371306E-01
SouthAmerica	        0.120000E+02	        0.120000E+02	        0.497561E+01	        0.294081E+01	        0.187673E+01	        0.416107E+00	        0.142136E+01	       -0.116077E+01
FTM
ZZF
EOF
