ZZD
XXCopri-1	1	1
Summary statistics of continuous variables
Label variable	Count	Weight	Mean	Standard Deviation	Minimum	Maximum
LifeExpectancy	     192	        0.192000E+03	        0.703661E+02	        0.892765E+01	        0.455610E+02	        0.835800E+02
Population	     192	        0.192000E+03	        0.623438E+01	        0.101153E+01	        0.300000E+01	        0.900000E+01
TotalFertilityRate	     192	        0.192000E+03	        0.281871E+01	        0.140084E+01	        0.118700E+01	        0.756100E+01
ForeignExchangeReserves	     153	        0.153000E+03	        0.976966E+01	        0.936854E+00	        0.738021E+01	        0.123081E+02
GDP	     192	        0.192000E+03	        0.103560E+02	        0.108340E+01	        0.738713E+01	        0.131491E+02
GDPPerCapita	     192	        0.192000E+03	        0.364032E+01	        0.712167E+00	        0.213868E+01	        0.532531E+01
LaborForce	     185	        0.185000E+03	        0.588108E+01	        0.984704E+00	        0.300000E+01	        0.800000E+01
ElectricityProduction	     184	        0.184000E+03	        0.982827E+01	        0.116007E+01	        0.714613E+01	        0.126198E+02
OilExports	     128	        0.128000E+03	        0.417188E+01	        0.131761E+01	        0.100000E+01	        0.600000E+01
Airports	     188	        0.188000E+03	        0.114894E+01	        0.784931E+00	        0.000000E+00	        0.400000E+01
InternetUsers	     190	        0.190000E+03	        0.535263E+01	        0.109394E+01	        0.200000E+01	        0.800000E+01
RoadLength	     192	        0.192000E+03	        0.382812E+01	        0.100345E+01	        0.000000E+00	        0.600000E+01
ArableLandArea	     190	        0.190000E+03	        0.338947E+01	        0.125484E+01	        0.000000E+00	        0.600000E+01
Area	     192	        0.192000E+03	        0.438542E+01	        0.124891E+01	        0.000000E+00	        0.700000E+01
MilitaryExpenditures	     165	        0.165000E+03	        0.859759E+01	        0.109632E+01	        0.577489E+01	        0.117019E+02
MilitaryFitPopulation	     192	        0.192000E+03	        0.582292E+01	        0.984196E+00	        0.300000E+01	        0.800000E+01
	
AdultPopulation	     192	        0.192000E+03	        0.601562E+01	        0.100248E+01	        0.300000E+01	        0.800000E+01
AnnualBirths	     192	        0.192000E+03	        0.450521E+01	        0.102570E+01	        0.200000E+01	        0.700000E+01
AnnualDeaths	     192	        0.192000E+03	        0.414583E+01	        0.106046E+01	        0.100000E+01	        0.700000E+01
BirthRateFraction	     192	        0.192000E+03	        0.219663E-01	        0.115910E-01	        0.739468E-02	        0.881541E-01
ChildPopulation	     192	        0.192000E+03	        0.562500E+01	        0.102317E+01	        0.300000E+01	        0.800000E+01
DeathRateFraction	     192	        0.192000E+03	        0.842906E-02	        0.339535E-02	        0.118246E-02	        0.240533E-01
ElderlyPopulation	     192	        0.192000E+03	        0.502083E+01	        0.107509E+01	        0.200000E+01	        0.800000E+01
InfantMortalityFraction	     191	        0.191000E+03	        0.337246E-01	        0.329223E-01	        0.231000E-02	        0.180210E+00
LiteracyFraction	     188	        0.188000E+03	        0.839236E+00	        0.185514E+00	        0.218000E+00	        0.100000E+01
MedianAge	     182	        0.182000E+03	        0.275625E+02	        0.838061E+01	        0.150890E+02	        0.448620E+02
MigrationRateFraction	     191	        0.191000E+03	       -0.186178E-03	        0.434269E-02	       -0.210300E-01	        0.229800E-01
PopulationGrowth	     192	        0.192000E+03	        0.123642E-01	        0.993733E-02	       -0.670850E-02	        0.357771E-01
PovertyFraction	     139	        0.139000E+03	        0.324281E+00	        0.190164E+00	        0.400000E-01	        0.860000E+00
ExchangeRate	     192	        0.192000E+03	        0.132576E+01	        0.149248E+01	       -0.570521E+00	        0.124356E+02
ExternalDebt	     185	        0.185000E+03	        0.100066E+02	        0.118361E+01	        0.700000E+01	        0.130881E+02
GDPAtParity	     192	        0.192000E+03	        0.105409E+02	        0.103583E+01	        0.717435E+01	        0.131596E+02
GDPRealGrowth	     192	        0.192000E+03	        0.400683E-01	        0.403245E-01	       -0.145599E+00	        0.163947E+00
GovernmentDebt	     127	        0.127000E+03	        0.102622E+02	        0.943964E+00	        0.825115E+01	        0.129063E+02
GovernmentExpenditures	     189	        0.189000E+03	        0.907937E+01	        0.119481E+01	        0.700000E+01	        0.120000E+02
GovernmentReceipts	     189	        0.189000E+03	        0.906349E+01	        0.119354E+01	        0.700000E+01	        0.120000E+02
IndustrialProductionGrowth	     170	        0.170000E+03	        0.310588E-01	        0.436902E-01	       -0.147000E+00	        0.142000E+00
InflationRate	     192	        0.192000E+03	        0.122382E+00	        0.100754E+00	       -0.187772E+00	        0.523664E+00
PriceIndex	     192	        0.192000E+03	        0.188321E+03	        0.714077E+02	        0.673002E+02	        0.410739E+03
UnemploymentFraction	     168	        0.168000E+03	        0.135613E+00	        0.164533E+00	        0.000000E+00	        0.900000E+00
ElectricityConsumption	     183	        0.183000E+03	        0.977854E+01	        0.115409E+01	        0.711461E+01	        0.125902E+02
ElectricityExports	      81	        0.810000E+02	        0.866667E+01	        0.115470E+01	        0.500000E+01	        0.100000E+02
ElectricityImports	      92	        0.920000E+02	        0.858696E+01	        0.109497E+01	        0.400000E+01	        0.100000E+02
NaturalGasConsumption	     106	        0.106000E+03	        0.917925E+01	        0.969314E+00	        0.700000E+01	        0.110000E+02
NaturalGasExports	      43	        0.430000E+02	        0.923256E+01	        0.960552E+00	        0.700000E+01	        0.110000E+02
NaturalGasImports	      63	        0.630000E+02	        0.914286E+01	        0.813715E+00	        0.700000E+01	        0.110000E+02
NaturalGasProduction	      90	        0.900000E+02	        0.903333E+01	        0.117804E+01	        0.600000E+01	        0.110000E+02
NaturalGasReserves	     100	        0.100000E+03	        0.110496E+02	        0.118279E+01	        0.743393E+01	        0.136498E+02
OilConsumption	     182	        0.182000E+03	        0.419231E+01	        0.104374E+01	        0.200000E+01	        0.700000E+01
OilImports	     180	        0.180000E+03	        0.410000E+01	        0.983757E+00	        0.200000E+01	        0.700000E+01
OilProduction	     109	        0.109000E+03	        0.426605E+01	        0.134534E+01	        0.000000E+00	        0.600000E+01
OilReserves	      96	        0.960000E+02	        0.821875E+01	        0.136323E+01	        0.500000E+01	        0.110000E+02
AMRadioStations	     171	        0.171000E+03	        0.625731E+00	        0.772505E+00	        0.000000E+00	        0.300000E+01
CellularPhones	     191	        0.191000E+03	        0.594241E+01	        0.108383E+01	        0.200000E+01	        0.800000E+01
FMRadioStations	     182	        0.182000E+03	        0.873626E+00	        0.770662E+00	        0.000000E+00	        0.300000E+01
InternetHosts	     191	        0.191000E+03	        0.373822E+01	        0.182609E+01	        0.000000E+00	        0.800000E+01
MerchantShips	     148	        0.148000E+03	        0.104730E+01	        0.880222E+00	        0.000000E+00	        0.300000E+01
MerchantShipsDeadWeight	     143	        0.143000E+03	        0.500699E+01	        0.131424E+01	        0.200000E+01	        0.800000E+01
MerchantShipsGross	     143	        0.143000E+03	        0.491608E+01	        0.118556E+01	        0.300000E+01	        0.800000E+01
PavedAirports	     187	        0.187000E+03	        0.732620E+00	        0.680638E+00	        0.000000E+00	        0.300000E+01
PhoneLines	     192	        0.192000E+03	        0.518229E+01	        0.110071E+01	        0.300000E+01	        0.800000E+01
RadioStations	     192	        0.192000E+03	        0.113021E+01	        0.796296E+00	        0.000000E+00	        0.400000E+01
RailwayLength	     134	        0.134000E+03	        0.274627E+01	        0.825766E+00	        0.000000E+00	        0.500000E+01
ShortWaveRadioStations	     144	        0.144000E+03	        0.187500E+00	        0.424407E+00	        0.000000E+00	        0.200000E+01
TelevisionStations	     186	        0.186000E+03	        0.645162E+00	        0.756977E+00	        0.000000E+00	        0.300000E+01
UnpavedAirports	     174	        0.174000E+03	        0.977011E+00	        0.702655E+00	        0.000000E+00	        0.300000E+01
ArableLandFraction	     192	        0.192000E+03	        0.150718E+00	        0.140110E+00	        0.000000E+00	        0.666667E+00
BoundaryLength	     192	        0.192000E+03	        0.283333E+01	        0.671855E+00	        0.000000E+00	        0.500000E+01
CoastlineLength	     150	        0.150000E+03	        0.248000E+01	        0.805978E+00	        0.000000E+00	        0.500000E+01
CropsLandArea	     182	        0.182000E+03	        0.306109E+01	        0.944535E+00	        0.863323E+00	        0.510563E+01
CropsLandFraction	     182	        0.182000E+03	       -0.189943E+01	        0.827308E+00	       -0.400000E+01	       -0.176070E+00
HighestElevation	     192	        0.192000E+03	        0.272979E+04	        0.200844E+04	        0.200000E+01	        0.885000E+04
IrrigatedLandArea	     163	        0.163000E+03	        0.267485E+01	        0.108466E+01	        0.100000E+01	        0.500000E+01
IrrigatedLandFraction	     164	        0.164000E+03	        0.333134E-01	        0.503405E-01	        0.000000E+00	        0.362992E+00
LandArea	     192	        0.192000E+03	        0.436979E+01	        0.124320E+01	        0.000000E+00	        0.700000E+01
LowestElevation	      37	        0.370000E+02	        0.159459E+01	        0.590898E+00	        0.000000E+00	        0.300000E+01
WaterArea	     147	        0.147000E+03	        0.302041E+01	        0.950971E+00	        0.100000E+01	        0.500000E+01
MilitaryAgeFemales	     158	        0.158000E+03	        0.582911E+01	        0.797091E+00	        0.400000E+01	        0.800000E+01
MilitaryAgeMales	     189	        0.189000E+03	        0.566138E+01	        0.982191E+00	        0.300000E+01	        0.800000E+01
MilitaryAgePopulation	     158	        0.158000E+03	        0.612025E+01	        0.814097E+00	        0.400000E+01	        0.800000E+01
MilitaryAgeRate	     192	        0.192000E+03	        0.446354E+01	        0.994110E+00	        0.200000E+01	        0.700000E+01
MilitaryExpenditureFraction	     190	        0.190000E+03	        0.230974E-01	        0.203664E-01	        0.000000E+00	        0.114000E+00
XXCopri-2	1	1
Correlation matrix
	LifeExpectancy	Population	TotalFertilityRate	ForeignExchangeReserves	GDP	GDPPerCapita	LaborForce	ElectricityProduction	OilExports	Airports	InternetUsers	RoadLength	ArableLandArea	Area	MilitaryExpenditures	MilitaryFitPopulation
LifeExpectancy	        0.100000E+01
Population	       -0.135424E+00	        0.100000E+01
TotalFertilityRate	       -0.805254E+00	        0.133627E+00	        0.100000E+01
ForeignExchangeReserves	        0.347097E+00	        0.415832E+00	       -0.388346E+00	        0.100000E+01
GDP	        0.419028E+00	        0.705616E+00	       -0.398868E+00	        0.689131E+00	        0.100000E+01
GDPPerCapita	        0.770569E+00	       -0.213068E+00	       -0.719285E+00	        0.413951E+00	        0.491541E+00	        0.100000E+01
LaborForce	       -0.500780E-01	        0.836044E+00	        0.216672E-01	        0.472061E+00	        0.731291E+00	       -0.131164E+00	        0.100000E+01
ElectricityProduction	        0.500901E+00	        0.582277E+00	       -0.517057E+00	        0.703298E+00	        0.877990E+00	        0.473296E+00	        0.623321E+00	        0.100000E+01
OilExports	        0.153190E+00	        0.280734E+00	       -0.109137E+00	        0.471746E+00	        0.460885E+00	        0.341078E+00	        0.234821E+00	        0.416110E+00	        0.100000E+01
Airports	        0.157234E+00	        0.590703E+00	       -0.141493E+00	        0.449311E+00	        0.644181E+00	        0.118296E+00	        0.587494E+00	        0.659887E+00	        0.321683E+00	        0.100000E+01
InternetUsers	        0.367492E+00	        0.699219E+00	       -0.381835E+00	        0.604855E+00	        0.884799E+00	        0.324697E+00	        0.709540E+00	        0.820496E+00	        0.338036E+00	        0.615999E+00	        0.100000E+01
RoadLength	        0.719098E-01	        0.824768E+00	       -0.851404E-01	        0.498712E+00	        0.799875E+00	        0.358429E-01	        0.804982E+00	        0.677673E+00	        0.233315E+00	        0.678777E+00	        0.751589E+00	        0.100000E+01
ArableLandArea	       -0.166753E+00	        0.810636E+00	        0.111850E+00	        0.370941E+00	        0.635621E+00	       -0.190569E+00	        0.838226E+00	        0.541931E+00	        0.178463E+00	        0.637304E+00	        0.627720E+00	        0.779695E+00	        0.100000E+01
Area	       -0.242216E+00	        0.786029E+00	        0.231813E+00	        0.299258E+00	        0.565014E+00	       -0.257429E+00	        0.771423E+00	        0.454033E+00	        0.211262E+00	        0.646127E+00	        0.542456E+00	        0.780148E+00	        0.786601E+00	        0.100000E+01
MilitaryExpenditures	        0.477664E+00	        0.470011E+00	       -0.438520E+00	        0.741487E+00	        0.793474E+00	        0.527858E+00	        0.474588E+00	        0.788033E+00	        0.558493E+00	        0.540435E+00	        0.693539E+00	        0.548144E+00	        0.401850E+00	        0.321221E+00	        0.100000E+01
MilitaryFitPopulation	       -0.186136E-02	        0.878753E+00	       -0.789477E-02	        0.494358E+00	        0.783889E+00	       -0.990168E-01	        0.929579E+00	        0.670668E+00	        0.272467E+00	        0.653207E+00	        0.772873E+00	        0.844625E+00	        0.815210E+00	        0.788571E+00	        0.518516E+00	        0.100000E+01
XXCopri-3	1	1
Test-values matrix
	LifeExpectancy	Population	TotalFertilityRate	ForeignExchangeReserves	GDP	GDPPerCapita	LaborForce	ElectricityProduction	OilExports	Airports	InternetUsers	RoadLength	ArableLandArea	Area	MilitaryExpenditures	MilitaryFitPopulation
LifeExpectancy	        0.999900E+02
Population	       -0.188809E+01	        0.999900E+02
TotalFertilityRate	       -0.154274E+02	        0.186274E+01	        0.999900E+02
ForeignExchangeReserves	        0.447941E+01	        0.547518E+01	       -0.506958E+01	        0.999900E+02
GDP	        0.618705E+01	        0.121714E+02	       -0.585159E+01	        0.104681E+02	        0.999900E+02
GDPPerCapita	        0.141575E+02	       -0.299829E+01	       -0.125562E+02	        0.544707E+01	        0.745600E+01	        0.999900E+02
LaborForce	       -0.681704E+00	        0.164290E+02	        0.294753E+00	        0.634198E+01	        0.126697E+02	       -0.179436E+01	        0.999900E+02
ElectricityProduction	        0.746746E+01	        0.903271E+01	       -0.776326E+01	        0.108083E+02	        0.185419E+02	        0.697643E+01	        0.990788E+01	        0.999900E+02
OilExports	        0.174690E+01	        0.326376E+01	       -0.123968E+01	        0.579617E+01	        0.563914E+01	        0.401990E+01	        0.270721E+01	        0.501172E+01	        0.999900E+02
Airports	        0.217392E+01	        0.930649E+01	       -0.195316E+01	        0.598472E+01	        0.104931E+02	        0.162962E+01	        0.916509E+01	        0.107515E+02	        0.377338E+01	        0.999900E+02
InternetUsers	        0.531403E+01	        0.119338E+02	       -0.554403E+01	        0.866802E+01	        0.192625E+02	        0.464369E+01	        0.120544E+02	        0.157124E+02	        0.398100E+01	        0.985202E+01	        0.999900E+02
RoadLength	        0.998135E+00	        0.162335E+02	       -0.118260E+01	        0.677332E+01	        0.152180E+02	        0.496867E+00	        0.151331E+02	        0.111881E+02	        0.268918E+01	        0.113371E+02	        0.134615E+02	        0.999900E+02
ArableLandArea	       -0.232020E+01	        0.155605E+02	        0.154823E+01	        0.481802E+01	        0.103490E+02	       -0.265932E+01	        0.165282E+02	        0.823220E+01	        0.204094E+01	        0.103331E+02	        0.101677E+02	        0.143987E+02	        0.999900E+02
Area	       -0.342429E+01	        0.147010E+02	        0.327157E+01	        0.381847E+01	        0.887043E+01	       -0.364913E+01	        0.139256E+02	        0.664355E+01	        0.242670E+01	        0.105388E+02	        0.837559E+01	        0.144903E+02	        0.146449E+02	        0.999900E+02
MilitaryExpenditures	        0.667892E+01	        0.655216E+01	       -0.604236E+01	        0.117975E+02	        0.138824E+02	        0.754235E+01	        0.662783E+01	        0.136958E+02	        0.713489E+01	        0.776840E+01	        0.109794E+02	        0.790913E+01	        0.547018E+01	        0.427757E+01	        0.999900E+02
MilitaryFitPopulation	       -0.257918E-01	        0.189870E+02	       -0.109395E+00	        0.670184E+01	        0.146238E+02	       -0.137653E+01	        0.225143E+02	        0.110139E+02	        0.316248E+01	        0.107068E+02	        0.141620E+02	        0.171417E+02	        0.157465E+02	        0.147937E+02	        0.737711E+01	        0.999900E+02
XXCopri-4	2	1
Control panel of Eigenvalues
Trace of matrix:        16.00000
Number	Eigenvalue	Percentage	Cumulated Percentage
    1	        0.865718E+01	        0.541074E+02	        0.541074E+02
    2	        0.366863E+01	        0.229289E+02	        0.770364E+02
    3	        0.100360E+01	        0.627248E+01	        0.833088E+02
    4	        0.527858E+00	        0.329911E+01	        0.866079E+02
    5	        0.418235E+00	        0.261397E+01	        0.892219E+02
    6	        0.292967E+00	        0.183105E+01	        0.910530E+02
    7	        0.245357E+00	        0.153348E+01	        0.925865E+02
    8	        0.223680E+00	        0.139800E+01	        0.939845E+02
    9	        0.195221E+00	        0.122013E+01	        0.952046E+02
   10	        0.187513E+00	        0.117196E+01	        0.963765E+02
   11	        0.152617E+00	        0.953853E+00	        0.973304E+02
   12	        0.135917E+00	        0.849484E+00	        0.981799E+02
   13	        0.133735E+00	        0.835844E+00	        0.990157E+02
   14	        0.959208E-01	        0.599505E+00	        0.996152E+02
   15	        0.535421E-01	        0.334638E+00	        0.999499E+02
   16	        0.802052E-02	        0.501283E-01	        0.100000E+03
XXCopri-5	1	1
Anderson's Laplace intervals (Threshold: 0.95)
Number	Lower limit	Eigenvalue	Upper limit
   1	        0.692086E+01	        0.865718E+01	        0.103935E+02
   2	        0.293283E+01	        0.366863E+01	        0.440443E+01
   3	        0.802310E+00	        0.100360E+01	        0.120488E+01
   4	        0.421988E+00	        0.527858E+00	        0.633728E+00
   5	        0.334352E+00	        0.418235E+00	        0.502119E+00
XXCopri-6	1	0
Active variables
DTM	1	1
Coordinates of active variables
Label variable	Axis  1	Axis  2	Axis  3	Axis  4	Axis  5
LifeExpectancy	        0.254800E+00	       -0.849510E+00	        0.267923E+00	       -0.765891E-01	        0.100999E+00
Population	        0.829268E+00	        0.428368E+00	       -0.652325E-02	        0.113924E+00	        0.109569E+00
TotalFertilityRate	       -0.261867E+00	        0.820209E+00	       -0.328490E+00	       -0.123005E-01	        0.241183E-01
ForeignExchangeReserves	        0.699846E+00	       -0.340155E+00	       -0.250772E+00	        0.294710E+00	       -0.456708E+00
GDP	        0.941356E+00	       -0.222889E+00	        0.187110E-01	        0.486618E-01	        0.140015E+00
GDPPerCapita	        0.235941E+00	       -0.890925E+00	       -0.376331E-01	       -0.839396E-01	        0.123134E+00
LaborForce	        0.852640E+00	        0.356518E+00	        0.967640E-01	        0.169259E+00	        0.513286E-01
ElectricityProduction	        0.874479E+00	       -0.332082E+00	        0.637313E-01	       -0.198101E-01	       -0.464511E-01
OilExports	        0.448182E+00	       -0.243016E+00	       -0.794675E+00	       -0.933829E-01	        0.231861E+00
Airports	        0.765614E+00	        0.707477E-01	        0.939070E-02	       -0.563890E+00	       -0.235998E+00
InternetUsers	        0.892318E+00	       -0.143119E+00	        0.147673E+00	        0.873685E-01	        0.140474E+00
RoadLength	        0.884251E+00	        0.222395E+00	        0.143247E+00	       -0.286152E-01	        0.336687E-01
ArableLandArea	        0.787892E+00	        0.448662E+00	        0.924388E-01	       -0.248465E-01	       -0.306588E-01
Area	        0.731355E+00	        0.531767E+00	       -0.154262E-02	       -0.183276E+00	        0.738602E-02
MilitaryExpenditures	        0.769642E+00	       -0.417548E+00	       -0.235349E+00	        0.558122E-01	       -0.103284E+00
MilitaryFitPopulation	        0.894160E+00	        0.319032E+00	        0.890385E-01	        0.105294E+00	        0.729606E-01
FTM
DTM	1	1
Active variables-factors correlations
Label variable	Axis  1	Axis  2	Axis  3	Axis  4	Axis  5
LifeExpectancy	        0.254800E+00	       -0.849510E+00	        0.267923E+00	       -0.765891E-01	        0.100999E+00
Population	        0.829268E+00	        0.428368E+00	       -0.652325E-02	        0.113924E+00	        0.109569E+00
TotalFertilityRate	       -0.261867E+00	        0.820209E+00	       -0.328490E+00	       -0.123005E-01	        0.241183E-01
ForeignExchangeReserves	        0.699846E+00	       -0.340155E+00	       -0.250772E+00	        0.294710E+00	       -0.456708E+00
GDP	        0.941356E+00	       -0.222889E+00	        0.187110E-01	        0.486618E-01	        0.140015E+00
GDPPerCapita	        0.235941E+00	       -0.890925E+00	       -0.376331E-01	       -0.839396E-01	        0.123134E+00
LaborForce	        0.852640E+00	        0.356518E+00	        0.967640E-01	        0.169259E+00	        0.513286E-01
ElectricityProduction	        0.874479E+00	       -0.332082E+00	        0.637313E-01	       -0.198101E-01	       -0.464511E-01
OilExports	        0.448182E+00	       -0.243016E+00	       -0.794675E+00	       -0.933829E-01	        0.231861E+00
Airports	        0.765614E+00	        0.707477E-01	        0.939070E-02	       -0.563890E+00	       -0.235998E+00
InternetUsers	        0.892318E+00	       -0.143119E+00	        0.147673E+00	        0.873685E-01	        0.140474E+00
RoadLength	        0.884251E+00	        0.222395E+00	        0.143247E+00	       -0.286152E-01	        0.336687E-01
ArableLandArea	        0.787892E+00	        0.448662E+00	        0.924388E-01	       -0.248465E-01	       -0.306588E-01
Area	        0.731355E+00	        0.531767E+00	       -0.154262E-02	       -0.183276E+00	        0.738602E-02
MilitaryExpenditures	        0.769642E+00	       -0.417548E+00	       -0.235349E+00	        0.558122E-01	       -0.103284E+00
MilitaryFitPopulation	        0.894160E+00	        0.319032E+00	        0.890385E-01	        0.105294E+00	        0.729606E-01
FTM
DTM	1	1
Normed eigenvectors
Label variable	Axis  1	Axis  2	Axis  3	Axis  4	Axis  5
LifeExpectancy	        0.865988E-01	       -0.443524E+00	        0.267442E+00	       -0.105416E+00	        0.156174E+00
Population	        0.281843E+00	        0.223648E+00	       -0.651155E-02	        0.156804E+00	        0.169425E+00
TotalFertilityRate	       -0.890003E-01	        0.428226E+00	       -0.327901E+00	       -0.169303E-01	        0.372937E-01
ForeignExchangeReserves	        0.237856E+00	       -0.177593E+00	       -0.250322E+00	        0.405636E+00	       -0.706201E+00
GDP	        0.319938E+00	       -0.116369E+00	        0.186775E-01	        0.669776E-01	        0.216503E+00
GDPPerCapita	        0.801890E-01	       -0.465146E+00	       -0.375656E-01	       -0.115534E+00	        0.190400E+00
LaborForce	        0.289786E+00	        0.186135E+00	        0.965905E-01	        0.232966E+00	        0.793687E-01
ElectricityProduction	        0.297208E+00	       -0.173378E+00	        0.636171E-01	       -0.272664E-01	       -0.718267E-01
OilExports	        0.152323E+00	       -0.126877E+00	       -0.793250E+00	       -0.128531E+00	        0.358523E+00
Airports	        0.260208E+00	        0.369369E-01	        0.937386E-02	       -0.776132E+00	       -0.364920E+00
InternetUsers	        0.303271E+00	       -0.747217E-01	        0.147409E+00	        0.120253E+00	        0.217213E+00
RoadLength	        0.300530E+00	        0.116111E+00	        0.142990E+00	       -0.393857E-01	        0.520614E-01
ArableLandArea	        0.267780E+00	        0.234243E+00	        0.922730E-01	       -0.341985E-01	       -0.474073E-01
Area	        0.248565E+00	        0.277632E+00	       -0.153986E-02	       -0.252260E+00	        0.114209E-01
MilitaryExpenditures	        0.261578E+00	       -0.217999E+00	       -0.234927E+00	        0.768193E-01	       -0.159706E+00
MilitaryFitPopulation	        0.303897E+00	        0.166564E+00	        0.888789E-01	        0.144926E+00	        0.112818E+00
FTM
XXCopri-7	1	0
Supplementary variables
DTM	1	1
Coordinates of supplementary variables
Label variable	Axis  1	Axis  2	Axis  3	Axis  4	Axis  5
AdultPopulation	        0.866497E+00	        0.362305E+00	        0.592929E-01	        0.950609E-01	        0.764631E-01
AnnualBirths	        0.754029E+00	        0.552610E+00	       -0.359739E-01	        0.889684E-01	        0.383626E-01
AnnualDeaths	        0.811224E+00	        0.463320E+00	        0.388428E-01	        0.131556E+00	        0.661190E-01
BirthRateFraction	       -0.300131E+00	        0.739686E+00	       -0.303574E+00	        0.267550E-02	       -0.397413E-02
ChildPopulation	        0.787097E+00	        0.495116E+00	        0.976820E-02	        0.865760E-01	        0.182800E-01
DeathRateFraction	       -0.109548E-01	        0.273215E+00	       -0.311317E-01	        0.106803E+00	       -0.108521E+00
ElderlyPopulation	        0.906476E+00	        0.190961E+00	        0.150440E+00	        0.118746E+00	        0.392745E-01
InfantMortalityFraction	       -0.183079E+00	        0.802164E+00	       -0.226715E+00	        0.100928E+00	       -0.924831E-01
LiteracyFraction	        0.141762E+00	       -0.736499E+00	        0.192837E+00	       -0.125033E+00	        0.855039E-02
MedianAge	        0.377162E+00	       -0.732282E+00	        0.281346E+00	        0.767885E-01	        0.514921E-01
MigrationRateFraction	        0.170928E+00	       -0.138725E+00	       -0.251325E-01	        0.709264E-02	        0.386326E-01
PopulationGrowth	       -0.149571E+00	        0.677384E+00	       -0.307854E+00	       -0.580340E-01	        0.960310E-01
PovertyFraction	       -0.310143E+00	        0.546011E+00	       -0.829279E-01	       -0.105402E+00	        0.162526E-01
ExchangeRate	        0.295858E-02	        0.561066E+00	       -0.853887E-02	        0.356626E-01	        0.802784E-01
ExternalDebt	        0.808768E+00	       -0.332307E+00	        0.479646E-01	        0.440321E-01	        0.894804E-01
GDPAtParity	        0.961179E+00	       -0.112417E+00	        0.328023E-01	        0.677297E-01	        0.125171E+00
GDPRealGrowth	        0.789338E-01	        0.268374E+00	       -0.279548E-01	        0.178344E+00	       -0.275027E-02
GovernmentDebt	        0.635348E+00	       -0.150822E+00	       -0.595932E-01	        0.605600E-01	        0.375854E-02
GovernmentExpenditures	        0.882613E+00	       -0.293383E+00	       -0.857241E-02	        0.353596E-01	        0.815264E-01
GovernmentReceipts	        0.880543E+00	       -0.294347E+00	       -0.125918E-01	        0.172718E-01	        0.100430E+00
IndustrialProductionGrowth	       -0.207937E-01	        0.248212E+00	       -0.775158E-01	        0.969878E-01	        0.279696E-01
InflationRate	        0.793463E-01	        0.938165E-01	       -0.448422E-01	        0.115187E+00	        0.120746E+00
PriceIndex	        0.982089E-01	       -0.255823E+00	       -0.150840E-01	        0.146633E+00	        0.765522E-01
UnemploymentFraction	       -0.225440E+00	        0.378477E+00	       -0.672243E-01	        0.276457E-01	       -0.197050E+00
ElectricityConsumption	        0.875962E+00	       -0.317749E+00	        0.418949E-01	       -0.183177E-01	       -0.230922E-01
ElectricityExports	        0.191834E+00	       -0.160785E+00	       -0.115506E+00	        0.561487E-01	       -0.519811E-01
ElectricityImports	        0.256712E+00	       -0.318261E+00	       -0.223597E-01	        0.406528E-01	        0.537053E-01
NaturalGasConsumption	        0.358462E+00	       -0.174038E+00	       -0.197891E+00	        0.611992E-01	       -0.549496E-01
NaturalGasExports	        0.307444E-01	        0.329289E-01	       -0.169617E+00	       -0.714398E-01	        0.314254E-01
NaturalGasImports	        0.280663E+00	       -0.788519E-01	       -0.204315E+00	        0.137419E-01	       -0.513140E-02
NaturalGasProduction	        0.258001E+00	       -0.122470E+00	       -0.269440E+00	       -0.356106E-02	       -0.693278E-01
NaturalGasReserves	        0.209106E+00	       -0.931052E-01	       -0.303810E+00	       -0.252548E-01	       -0.533207E-01
OilConsumption	        0.821779E+00	       -0.308518E+00	       -0.134916E-01	       -0.139713E-01	       -0.828424E-01
OilImports	        0.747460E+00	       -0.333326E+00	        0.614533E-01	        0.105716E+00	        0.303421E-01
OilProduction	        0.288886E+00	       -0.826838E-01	       -0.480433E+00	       -0.819115E-01	        0.182987E-01
OilReserves	        0.226368E+00	       -0.597524E-01	       -0.435919E+00	       -0.122560E+00	       -0.161529E-01
AMRadioStations	        0.659974E+00	       -0.523436E-01	        0.418764E-01	       -0.153609E+00	       -0.158955E+00
CellularPhones	        0.880647E+00	        0.129269E+00	        0.104815E+00	        0.109036E+00	        0.152520E+00
FMRadioStations	        0.632344E+00	       -0.154260E+00	        0.205815E+00	       -0.871363E-01	       -0.316291E-01
InternetHosts	        0.658999E+00	       -0.411645E+00	        0.210016E+00	       -0.483949E-01	        0.616712E-01
MerchantShips	        0.252871E+00	       -0.246381E+00	        0.332426E-01	        0.139035E+00	       -0.164559E+00
MerchantShipsDeadWeight	        0.304619E+00	       -0.309865E+00	       -0.662979E-01	        0.139584E+00	       -0.508073E-01
MerchantShipsGross	        0.333875E+00	       -0.344436E+00	       -0.580311E-01	        0.105597E+00	        0.125974E-02
PavedAirports	        0.796788E+00	       -0.130174E+00	        0.635848E-02	       -0.221751E+00	       -0.123453E+00
PhoneLines	        0.891722E+00	       -0.205755E+00	        0.154827E+00	        0.735746E-01	        0.777777E-01
RadioStations	        0.775207E+00	       -0.853871E-01	        0.139428E+00	       -0.951474E-01	       -0.194172E-01
RailwayLength	        0.511145E+00	       -0.152237E+00	       -0.160633E+00	        0.303184E-01	       -0.147958E-02
ShortWaveRadioStations	        0.326379E+00	       -0.106066E-01	       -0.733939E-02	       -0.887397E-01	       -0.179717E+00
TelevisionStations	        0.746149E+00	       -0.295875E+00	        0.590669E-01	       -0.381307E-01	       -0.117785E+00
UnpavedAirports	        0.517874E+00	        0.685704E-01	       -0.127505E+00	       -0.458735E+00	       -0.192812E+00
ArableLandFraction	        0.126495E+00	        0.502654E-01	        0.235686E+00	        0.327301E+00	        0.951765E-01
BoundaryLength	        0.706810E+00	        0.270493E+00	        0.635971E-01	       -0.150424E+00	       -0.240922E-01
CoastlineLength	        0.536756E+00	       -0.342321E-01	       -0.176515E-01	       -0.195946E+00	       -0.152342E-01
CropsLandArea	        0.659030E+00	        0.289796E+00	        0.419491E-01	       -0.397682E-01	       -0.156544E+00
CropsLandFraction	       -0.255358E+00	       -0.228962E+00	        0.109700E+00	        0.262910E+00	       -0.975747E-02
HighestElevation	        0.512359E+00	        0.265475E+00	        0.568187E-01	       -0.897528E-01	       -0.686231E-01
IrrigatedLandArea	        0.573468E+00	        0.356831E-02	       -0.765095E-02	        0.276702E-01	       -0.141948E+00
IrrigatedLandFraction	        0.137019E+00	       -0.134477E+00	        0.189663E+00	        0.291493E+00	        0.796401E-01
LandArea	        0.735829E+00	        0.519049E+00	       -0.562890E-02	       -0.188754E+00	        0.109522E-01
LowestElevation	       -0.319292E-01	        0.666244E-01	       -0.142782E+00	       -0.516905E-02	        0.556129E-01
WaterArea	        0.381533E+00	        0.222602E+00	       -0.167216E+00	       -0.160963E+00	       -0.126792E+00
MilitaryAgeFemales	        0.695460E+00	        0.134201E+00	       -0.670393E-01	        0.826114E-01	       -0.196209E+00
MilitaryAgeMales	        0.834618E+00	        0.344639E+00	        0.501746E-01	        0.160029E+00	        0.344338E-01
MilitaryAgePopulation	        0.724553E+00	        0.131645E+00	       -0.644036E-01	        0.630162E-01	       -0.232163E+00
MilitaryAgeRate	        0.786491E+00	        0.500543E+00	        0.643304E-03	        0.110780E+00	        0.527936E-01
MilitaryExpenditureFraction	        0.233198E+00	        0.535130E-01	       -0.222627E+00	        0.577657E-01	        0.720447E-01
FTM
DTM	1	1
Supplementary variables-factors correlations
Label variable	Axis  1	Axis  2	Axis  3	Axis  4	Axis  5
AdultPopulation	        0.866497E+00	        0.362305E+00	        0.592929E-01	        0.950609E-01	        0.764631E-01
AnnualBirths	        0.754029E+00	        0.552610E+00	       -0.359739E-01	        0.889684E-01	        0.383626E-01
AnnualDeaths	        0.811224E+00	        0.463320E+00	        0.388428E-01	        0.131556E+00	        0.661190E-01
BirthRateFraction	       -0.300131E+00	        0.739686E+00	       -0.303574E+00	        0.267550E-02	       -0.397413E-02
ChildPopulation	        0.787097E+00	        0.495116E+00	        0.976820E-02	        0.865760E-01	        0.182800E-01
DeathRateFraction	       -0.109548E-01	        0.273215E+00	       -0.311317E-01	        0.106803E+00	       -0.108521E+00
ElderlyPopulation	        0.906476E+00	        0.190961E+00	        0.150440E+00	        0.118746E+00	        0.392745E-01
InfantMortalityFraction	       -0.183079E+00	        0.802164E+00	       -0.226715E+00	        0.100928E+00	       -0.924831E-01
LiteracyFraction	        0.141762E+00	       -0.736499E+00	        0.192837E+00	       -0.125033E+00	        0.855039E-02
MedianAge	        0.377162E+00	       -0.732282E+00	        0.281346E+00	        0.767885E-01	        0.514921E-01
MigrationRateFraction	        0.170928E+00	       -0.138725E+00	       -0.251325E-01	        0.709264E-02	        0.386326E-01
PopulationGrowth	       -0.149571E+00	        0.677384E+00	       -0.307854E+00	       -0.580340E-01	        0.960310E-01
PovertyFraction	       -0.310143E+00	        0.546011E+00	       -0.829279E-01	       -0.105402E+00	        0.162526E-01
ExchangeRate	        0.295858E-02	        0.561066E+00	       -0.853887E-02	        0.356626E-01	        0.802784E-01
ExternalDebt	        0.808768E+00	       -0.332307E+00	        0.479646E-01	        0.440321E-01	        0.894804E-01
GDPAtParity	        0.961179E+00	       -0.112417E+00	        0.328023E-01	        0.677297E-01	        0.125171E+00
GDPRealGrowth	        0.789338E-01	        0.268374E+00	       -0.279548E-01	        0.178344E+00	       -0.275027E-02
GovernmentDebt	        0.635348E+00	       -0.150822E+00	       -0.595932E-01	        0.605600E-01	        0.375854E-02
GovernmentExpenditures	        0.882613E+00	       -0.293383E+00	       -0.857241E-02	        0.353596E-01	        0.815264E-01
GovernmentReceipts	        0.880543E+00	       -0.294347E+00	       -0.125918E-01	        0.172718E-01	        0.100430E+00
IndustrialProductionGrowth	       -0.207937E-01	        0.248212E+00	       -0.775158E-01	        0.969878E-01	        0.279696E-01
InflationRate	        0.793463E-01	        0.938165E-01	       -0.448422E-01	        0.115187E+00	        0.120746E+00
PriceIndex	        0.982089E-01	       -0.255823E+00	       -0.150840E-01	        0.146633E+00	        0.765522E-01
UnemploymentFraction	       -0.225440E+00	        0.378477E+00	       -0.672243E-01	        0.276457E-01	       -0.197050E+00
ElectricityConsumption	        0.875962E+00	       -0.317749E+00	        0.418949E-01	       -0.183177E-01	       -0.230922E-01
ElectricityExports	        0.191834E+00	       -0.160785E+00	       -0.115506E+00	        0.561487E-01	       -0.519811E-01
ElectricityImports	        0.256712E+00	       -0.318261E+00	       -0.223597E-01	        0.406528E-01	        0.537053E-01
NaturalGasConsumption	        0.358462E+00	       -0.174038E+00	       -0.197891E+00	        0.611992E-01	       -0.549496E-01
NaturalGasExports	        0.307444E-01	        0.329289E-01	       -0.169617E+00	       -0.714398E-01	        0.314254E-01
NaturalGasImports	        0.280663E+00	       -0.788519E-01	       -0.204315E+00	        0.137419E-01	       -0.513140E-02
NaturalGasProduction	        0.258001E+00	       -0.122470E+00	       -0.269440E+00	       -0.356106E-02	       -0.693278E-01
NaturalGasReserves	        0.209106E+00	       -0.931052E-01	       -0.303810E+00	       -0.252548E-01	       -0.533207E-01
OilConsumption	        0.821779E+00	       -0.308518E+00	       -0.134916E-01	       -0.139713E-01	       -0.828424E-01
OilImports	        0.747460E+00	       -0.333326E+00	        0.614533E-01	        0.105716E+00	        0.303421E-01
OilProduction	        0.288886E+00	       -0.826838E-01	       -0.480433E+00	       -0.819115E-01	        0.182987E-01
OilReserves	        0.226368E+00	       -0.597524E-01	       -0.435919E+00	       -0.122560E+00	       -0.161529E-01
AMRadioStations	        0.659974E+00	       -0.523436E-01	        0.418764E-01	       -0.153609E+00	       -0.158955E+00
CellularPhones	        0.880647E+00	        0.129269E+00	        0.104815E+00	        0.109036E+00	        0.152520E+00
FMRadioStations	        0.632344E+00	       -0.154260E+00	        0.205815E+00	       -0.871363E-01	       -0.316291E-01
InternetHosts	        0.658999E+00	       -0.411645E+00	        0.210016E+00	       -0.483949E-01	        0.616712E-01
MerchantShips	        0.252871E+00	       -0.246381E+00	        0.332426E-01	        0.139035E+00	       -0.164559E+00
MerchantShipsDeadWeight	        0.304619E+00	       -0.309865E+00	       -0.662979E-01	        0.139584E+00	       -0.508073E-01
MerchantShipsGross	        0.333875E+00	       -0.344436E+00	       -0.580311E-01	        0.105597E+00	        0.125974E-02
PavedAirports	        0.796788E+00	       -0.130174E+00	        0.635848E-02	       -0.221751E+00	       -0.123453E+00
PhoneLines	        0.891722E+00	       -0.205755E+00	        0.154827E+00	        0.735746E-01	        0.777777E-01
RadioStations	        0.775207E+00	       -0.853871E-01	        0.139428E+00	       -0.951474E-01	       -0.194172E-01
RailwayLength	        0.511145E+00	       -0.152237E+00	       -0.160633E+00	        0.303184E-01	       -0.147958E-02
ShortWaveRadioStations	        0.326379E+00	       -0.106066E-01	       -0.733939E-02	       -0.887397E-01	       -0.179717E+00
TelevisionStations	        0.746149E+00	       -0.295875E+00	        0.590669E-01	       -0.381307E-01	       -0.117785E+00
UnpavedAirports	        0.517874E+00	        0.685704E-01	       -0.127505E+00	       -0.458735E+00	       -0.192812E+00
ArableLandFraction	        0.126495E+00	        0.502654E-01	        0.235686E+00	        0.327301E+00	        0.951765E-01
BoundaryLength	        0.706810E+00	        0.270493E+00	        0.635971E-01	       -0.150424E+00	       -0.240922E-01
CoastlineLength	        0.536756E+00	       -0.342321E-01	       -0.176515E-01	       -0.195946E+00	       -0.152342E-01
CropsLandArea	        0.659030E+00	        0.289796E+00	        0.419491E-01	       -0.397682E-01	       -0.156544E+00
CropsLandFraction	       -0.255358E+00	       -0.228962E+00	        0.109700E+00	        0.262910E+00	       -0.975747E-02
HighestElevation	        0.512359E+00	        0.265475E+00	        0.568187E-01	       -0.897528E-01	       -0.686231E-01
IrrigatedLandArea	        0.573468E+00	        0.356831E-02	       -0.765095E-02	        0.276702E-01	       -0.141948E+00
IrrigatedLandFraction	        0.137019E+00	       -0.134477E+00	        0.189663E+00	        0.291493E+00	        0.796401E-01
LandArea	        0.735829E+00	        0.519049E+00	       -0.562890E-02	       -0.188754E+00	        0.109522E-01
LowestElevation	       -0.319292E-01	        0.666244E-01	       -0.142782E+00	       -0.516905E-02	        0.556129E-01
WaterArea	        0.381533E+00	        0.222602E+00	       -0.167216E+00	       -0.160963E+00	       -0.126792E+00
MilitaryAgeFemales	        0.695460E+00	        0.134201E+00	       -0.670393E-01	        0.826114E-01	       -0.196209E+00
MilitaryAgeMales	        0.834618E+00	        0.344639E+00	        0.501746E-01	        0.160029E+00	        0.344338E-01
MilitaryAgePopulation	        0.724553E+00	        0.131645E+00	       -0.644036E-01	        0.630162E-01	       -0.232163E+00
MilitaryAgeRate	        0.786491E+00	        0.500543E+00	        0.643304E-03	        0.110780E+00	        0.527936E-01
MilitaryExpenditureFraction	        0.233198E+00	        0.535130E-01	       -0.222627E+00	        0.577657E-01	        0.720447E-01
FTM
XXCopri-11	1	1
Coordinates of supplementary categories
Label  	Count   	Absolute weight	Distance to origin   	Axis  1	Axis  2	Axis  3	Axis  4	Axis  5
DTM	1	0
Continent
Africa	        0.530000E+02	        0.530000E+02	        0.518871E+01	       -0.888589E+00	        0.204294E+01	       -0.371332E+00	        0.154681E-01	        0.869359E-01
Asia	        0.480000E+02	        0.480000E+02	        0.187228E+01	        0.123165E+01	       -0.142416E+00	       -0.939862E-01	        0.385711E+00	        0.535471E-02
Europe	        0.420000E+02	        0.420000E+02	        0.402932E+01	        0.857789E+00	       -0.168394E+01	        0.534261E+00	        0.312128E-01	        0.778479E-01
NorthAmerica	        0.230000E+02	        0.230000E+02	        0.168363E+01	       -0.830873E+00	       -0.818751E+00	        0.316173E+00	       -0.282314E+00	       -0.155913E-02
Oceania	        0.140000E+02	        0.140000E+02	        0.136666E+02	       -0.344961E+01	       -0.861829E+00	       -0.591752E+00	       -0.419742E+00	       -0.456568E+00
SouthAmerica	        0.120000E+02	        0.120000E+02	        0.334162E+01	        0.161276E+01	        0.152035E-01	        0.230476E+00	       -0.689625E+00	       -0.142187E+00
FTM
DTM	1	0
SectorLaborFractions
Agriculture	        0.640000E+02	        0.640000E+02	        0.324113E+01	       -0.268456E+00	        0.176873E+01	       -0.383993E-01	        0.127668E+00	        0.557870E-01
Industry	        0.300000E+01	        0.300000E+01	        0.653738E+01	       -0.114557E+01	       -0.209057E+01	       -0.596605E-01	        0.714009E+00	        0.427133E+00
IndustryAndServices	        0.200000E+01	        0.200000E+01	        0.869757E+01	       -0.209349E+01	       -0.103818E+01	       -0.328945E+00	        0.410841E+00	       -0.515262E+00
Services	        0.100000E+03	        0.100000E+03	        0.186926E+01	        0.780589E+00	       -0.109849E+01	        0.168313E+00	       -0.133797E+00	       -0.248809E-02
*Missing value*	        0.230000E+02	        0.230000E+02	        0.590302E+01	       -0.231540E+01	        0.217326E+00	       -0.588550E+00	        0.976092E-01	       -0.155315E+00
FTM
XXCopri-12	1	1
Test-values of supplementary categories
Label  	Count   	Absolute weight	Distance to origin   	Axis  1	Axis  2	Axis  3	Axis  4	Axis  5
DTM	1	0
Continent
Africa	        0.530000E+02	        0.530000E+02	        0.518871E+01	       -0.257727E+01	        0.910231E+01	       -0.316322E+01	        0.181688E+00	        0.114719E+01
Asia	        0.480000E+02	        0.480000E+02	        0.187228E+01	        0.334007E+01	       -0.593283E+00	       -0.748584E+00	        0.423604E+01	        0.660665E-01
Europe	        0.420000E+02	        0.420000E+02	        0.402932E+01	        0.213200E+01	       -0.642942E+01	        0.390005E+01	        0.314174E+00	        0.880303E+00
NorthAmerica	        0.230000E+02	        0.230000E+02	        0.168363E+01	       -0.143974E+01	       -0.217940E+01	        0.160910E+01	       -0.198112E+01	       -0.122917E-01
Oceania	        0.140000E+02	        0.140000E+02	        0.136666E+02	       -0.454414E+01	       -0.174397E+01	       -0.228945E+01	       -0.223921E+01	       -0.273631E+01
SouthAmerica	        0.120000E+02	        0.120000E+02	        0.334162E+01	        0.195593E+01	        0.283245E-01	        0.820953E+00	       -0.338708E+01	       -0.784548E+00
FTM
DTM	1	0
SectorLaborFractions
Agriculture	        0.640000E+02	        0.640000E+02	        0.324113E+01	       -0.891633E+00	        0.902426E+01	       -0.374580E+00	        0.171721E+01	        0.842994E+00
Industry	        0.300000E+01	        0.300000E+01	        0.653738E+01	       -0.677923E+00	       -0.190046E+01	       -0.103694E+00	        0.171116E+01	        0.115000E+01
IndustryAndServices	        0.200000E+01	        0.200000E+01	        0.869757E+01	       -0.100887E+01	       -0.768559E+00	       -0.465585E+00	        0.801808E+00	       -0.112972E+01
Services	        0.100000E+03	        0.100000E+03	        0.186926E+01	        0.382258E+01	       -0.826357E+01	        0.242082E+01	       -0.265344E+01	       -0.554342E-01
*Missing value*	        0.230000E+02	        0.230000E+02	        0.590302E+01	       -0.401213E+01	        0.578491E+00	       -0.299531E+01	        0.684967E+00	       -0.122445E+01
FTM
ZZF
EOF
